5.310910510720874943e+33
5.192057471764201166e+33
5.075873717146763430e+33
4.962300966834228845e+33
4.851282376509066356e+33
4.742762514717215047e+33
4.636687339279734433e+33
4.533004173106721441e+33
4.431661679538038437e+33
4.332609837323368195e+33
4.235799915343224137e+33
4.141184447162443947e+33
4.048717205498528410e+33
3.958353176678637807e+33
3.870048535151334788e+33
3.783760618112073329e+33
3.699447900294870366e+33
3.617069968976716242e+33
3.536587499235773149e+33
3.457962229499535632e+33
3.381156937414545518e+33
3.306135416065173425e+33
3.232862450565223961e+33
3.161303795042716549e+33
3.091426150035150130e+33
3.023197140309703589e+33
2.956585293120343293e+33
2.891560016911505542e+33
2.828091580475971872e+33
2.766151092572681642e+33
2.705710482008600135e+33
2.646742478187209734e+33
2.589220592124917464e+33
2.533119097935442589e+33
2.478413014781211215e+33
2.425078089289822701e+33
2.373090778432863539e+33
2.322428232863591776e+33
2.273068280709377486e+33
2.224989411814271757e+33
2.178170762426541986e+33
2.132592100325670584e+33
2.088233810382932299e+33
2.045076880549379142e+33
2.003102888264868779e+33
1.962293987281527571e+33
1.922632894894950072e+33
1.884102879576296124e+33
1.846687748998394863e+33
1.810371838448918174e+33
1.775139999623665757e+33
1.740977589793053754e+33
1.707870461334875299e+33
1.675804951626521820e+33
1.644767873289889083e+33
1.614746504782288807e+33
1.585728581326805745e+33
1.557702286175645001e+33
1.530656242200153038e+33
1.504579503801323186e+33
1.479461549134759627e+33
1.455292272644220822e+33
1.432061977898015533e+33
1.409761370722724030e+33
1.388381552628850572e+33
1.367914014523221856e+33
1.348350630703107040e+33
1.329683653127233189e+33
1.311905705959045259e+33
1.295009780377752142e+33
1.278989229652896982e+33
1.263837764478368695e+33
1.249549448561972815e+33
1.236118694466875759e+33
1.223540259701422841e+33
1.211809243054023140e+33
1.200921081170004210e+33
1.190871545367515405e+33
1.181656738689764266e+33
1.173273093191060044e+33
1.165717367454340240e+33
1.158986644338032102e+33
1.153078328950323571e+33
1.147990146849078110e+33
1.143720142465853845e+33
1.140266677752643210e+33
1.137628431050193736e+33
1.135804396176894538e+33
1.134793881737477084e+33
1.134596510650913731e+33
1.135212219897122883e+33
1.136641260482266347e+33
1.138884197622627627e+33
1.141941911147230708e+33
1.145815596119580210e+33
1.150506763679070424e+33
1.156017242102816506e+33
1.162349178088853082e+33
1.169505038261824515e+33
1.177487610902506953e+33
1.186300007902678833e+33
1.195945666947049897e+33
1.206428353924166343e+33
1.217752165568386942e+33
1.229921532335238573e+33
1.242941221512633128e+33
1.256816340570645349e+33
1.271552340752729568e+33
1.287155020911459012e+33
1.303630531592059909e+33
1.320985379367224283e+33
1.339226431426853275e+33
1.358360920426613190e+33
1.378396449599340073e+33
1.399340998133570992e+33
1.421202926823624669e+33
1.443990983995881166e+33
1.467714311716086766e+33
1.492382452282685131e+33
1.518005355011387391e+33
1.544593383316354917e+33
1.572157322093547546e+33
1.600708385411976507e+33
1.630258224518747116e+33
1.660818936163964565e+33
1.692403071251705217e+33
1.725023643823412355e+33
1.758694140380232698e+33
1.793428529550879450e+33
1.829241272111803092e+33
1.866147331366472427e+33
1.904162183890706771e+33
1.943301830651050586e+33
1.983582808503225127e+33
2.025022202077734289e+33
2.067637656059678831e+33
2.111447387869855864e+33
2.156470200754107573e+33
2.202725497287844166e+33
2.250233293302526303e+33
2.299014232240718416e+33
2.349089599946122314e+33
2.400481339894756308e+33
2.453212068873101545e+33
2.507305093108685001e+33
2.562784424858107424e+33
2.619674799457039152e+33
2.678001692836070572e+33
2.737791339505647721e+33
2.799070751012538083e+33
2.861867734869356797e+33
2.926210913957708112e+33
2.992129746404349798e+33
3.059654545928493147e+33
3.128816502656951618e+33
3.199647704402244526e+33
3.272181158396957896e+33
3.346450813475702290e+33
3.422491582693835939e+33
3.500339366369610969e+33
3.580031075533782263e+33
3.661604655767677667e+33
3.745099111407476986e+33
3.830554530088821885e+33
3.918012107601849325e+33
4.007514173022455769e+33
4.099104214080667769e+33
4.192826902721832905e+33
4.288728120810481305e+33
4.386854985920436067e+33
4.487255877147812636e+33
4.589980460875970173e+33
4.695079716413269743e+33
4.802605961415428719e+33
4.912612876994547439e+33
5.025155532406047843e+33
5.140290409193331439e+33
5.258075424657140022e+33
5.378569954503001529e+33
5.501834854505177364e+33
5.627932481009368727e+33
5.756926710078971605e+33
5.888882955070603026e+33
6.023868182404273294e+33
6.161950925271190338e+33
6.303201294998493208e+33
6.447690989764161518e+33
6.595493300327719006e+33
6.746683112412267363e+33
6.901336905341285677e+33
7.059532746499015545e+33
7.221350281146183148e+33
7.386870717083117975e+33
7.556176803609873840e+33
7.729352804187535045e+33
7.906484462156691507e+33
8.087658958817466485e+33
8.272964863120990064e+33
8.462492072164203409e+33
8.656331741618702510e+33
8.854576205159758471e+33
9.057318881893650894e+33
9.264654170710300717e+33
9.476677330413673195e+33
9.693484344404869325e+33
9.915171768612542627e+33
1.014183656128217559e+34
1.037357589315080403e+34
1.061048693644685536e+34
1.085266663106679538e+34
1.110021142619246951e+34
1.135321699552482340e+34
1.161177792422449632e+34
1.187598736556625850e+34
1.214593666523647344e+34
1.242171495113045421e+34
1.270340868644310948e+34
1.299110118379368573e+34
1.328487207808605156e+34
1.358479675578371369e+34
1.389094573827638647e+34
1.420338401703694805e+34
1.452217033831811205e+34
1.484735643522222866e+34
1.517898620510042189e+34
1.551709483040511900e+34
1.586170784133847687e+34
1.621284011891632628e+34
1.657049483740887238e+34
1.693466234553453868e+34
1.730531898627882098e+34
1.768242585579482804e+34
1.806592750252362720e+34
1.845575056845969984e+34
1.885180237538584396e+34
1.925396945992112434e+34
1.966211606236960939e+34
2.007608257563236360e+34
2.049568396185118928e+34
2.092070814599292597e+34
2.135091439725160077e+34
2.178603171093882019e+34
2.222575720543844873e+34
2.266975455080417755e+34
2.311765244765728733e+34
2.356904317716894874e+34
2.402348124505159480e+34
2.448048214459575660e+34
2.493952126582162191e+34
2.540003297971033890e+34
2.586140992817205942e+34
2.632300255182247093e+34
2.678411888869510724e+34
2.724402467762736618e+34
2.770194380013223535e+34
2.815705909401428773e+34
2.860851357071494578e+34
2.905541206629442042e+34
2.949682335299660465e+34
2.993178273443664229e+34
3.035929514255238238e+34
3.077833874854942189e+34
3.118786909314982563e+34
3.158682373356957914e+34
3.197412739587274538e+34
3.234869761180279103e+34
3.270945080903005846e+34
3.305530881318409774e+34
3.338520570930111049e+34
3.369809499969111892e+34
3.399295698502396900e+34
3.426880628597874880e+34
3.452469941443714923e+34
3.475974229626268540e+34
3.497309764251401170e+34
3.516399206277633332e+34
3.533172281339573992e+34
3.547566407494385908e+34
3.559527265732011676e+34
3.569009303753445310e+34
3.575976164432559093e+34
3.580401031519320203e+34
3.582266886489736291e+34
3.581566671966769958e+34
3.578303358785657232e+34
3.572489915510328645e+34
3.564149180975035687e+34
3.553313642175458095e+34
3.540025121516065462e+34
3.524334378987525246e+34
3.506300636256711441e+34
3.485991030866075315e+34
3.463480009730254071e+34
3.438848671866184217e+34
3.412184070788097908e+34
3.383578487238983913e+34
3.353128682923007607e+34
3.320935145663578565e+34
3.287101335961241024e+34
3.251732944291238920e+34
3.214937167693053423e+34
3.176822013296780064e+34
3.137495635437364681e+34
3.097065711961075895e+34
3.055638864260327531e+34
3.013320124512255836e+34
2.970212452568432675e+34
2.926416303969486430e+34
2.882029249656384216e+34
2.837145647132912411e+34
2.791856362110463801e+34
2.746248539041807193e+34
2.700405418426821963e+34
2.654406198348969477e+34
2.608325937372897268e+34
2.562235495695103907e+34
2.516201511284051375e+34
2.470286407665101040e+34
2.424548429990171138e+34
2.379041706073271640e+34
2.333816329161730663e+34
2.288918459340257565e+34
2.244390440622937149e+34
2.200270930968993859e+34
2.156595042655002673e+34
2.113394490642956491e+34
2.070697746795083955e+34
2.028530197997981039e+34
1.986914306466789705e+34
1.945869770701853103e+34
1.905413685763142621e+34
1.865560701710001285e+34
1.826323179224175635e+34
1.787711341591945701e+34
1.749733422365889168e+34
1.712395808158509889e+34
1.675703176138607134e+34
1.639658625907353344e+34
1.604263805525085970e+34
1.569519031542382439e+34
1.535423402960895728e+34
1.501974909111379295e+34
1.469170531489153568e+34
1.437006339631785990e+34
1.405477581160682182e+34
1.374578766138529202e+34
1.344303745918639260e+34
1.314645786681092022e+34
1.285597637864687054e+34
1.257151595713733800e+34
1.229299562165220982e+34
1.202033099305317662e+34
1.175343479625077277e+34
1.149221732303866389e+34
1.123658685745964108e+34
1.098645006591184663e+34
1.074171235414585207e+34
1.050227819323618028e+34
1.026805141653631368e+34
1.003893548954670403e+34
9.814833754541585804e+33
9.595649651715099633e+33
9.381286918520053107e+33
9.171649768785980969e+33
8.966643053116814167e+33
8.766172401983655987e+33
8.570144352845120861e+33
8.378466462547233656e+33
8.191047406176766463e+33
8.007797063467005321e+33
7.828626593782914020e+33
7.653448500644021784e+33
7.482176686677883765e+33
7.314726499834856539e+33
7.151014771636062652e+33
6.990959848170858945e+33
6.834481614507712748e+33
6.681501513133023072e+33
6.531942556986214861e+33
6.385729337615957656e+33
6.242788028941727652e+33
6.103046387067013659e+33
5.966433746554972508e+33
5.832881013544332445e+33
5.702320656052606153e+33
5.574686691785028441e+33
5.449914673741176347e+33
5.327941673886470450e+33
5.208706265133012492e+33
5.092148501853046762e+33
4.978209899128694418e+33
4.866833410923665858e+33
4.757963407345815499e+33
4.651545651154085644e+33
4.547527273649144050e+33
4.445856750073944544e+33
4.346483874638396598e+33
4.249359735271215641e+33
4.154436688191937202e+33
4.061668332386611969e+33
3.971009484062220213e+33
3.882416151146944247e+33
3.795845507896234112e+33
3.711255869658010443e+33
3.628606667844366529e+33
3.547858425151575654e+33
3.468972731065203822e+33
3.391912217682590640e+33
3.316640535880716086e+33
3.243122331853757901e+33
3.171323224041156748e+33
3.101209780463855938e+33
3.032749496483621274e+33
2.965910772997705191e+33
2.900662895078855669e+33
2.836976011068548955e+33
2.774821112129466082e+33
2.714170012261515327e+33
2.654995328784222931e+33
2.597270463286915965e+33
2.540969583046956164e+33
2.486067602915155413e+33
2.432540167666622778e+33
2.380363634814358475e+33
2.329515057882271793e+33
2.279972170133571870e+33
2.231713368749947048e+33
2.184717699456502571e+33
2.138964841586936482e+33
2.094435093583155922e+33
2.051109358923190237e+33
2.008969132471047409e+33
1.967996487241968677e+33
1.928174061576362998e+33
1.889485046715606706e+33
1.851913174772843304e+33
1.815442707091817723e+33
1.780058422986823479e+33
1.745745608856814083e+33
1.712490047666768948e+33
1.680278008789489933e+33
1.649096238201012179e+33
1.618931949022985226e+33
1.589772812405402330e+33
1.561606948743235433e+33
1.534422919220622933e+33
1.508209717676414708e+33
1.482956762785012357e+33
1.458653890546612065e+33
1.435291347081110279e+33
1.412859781720086564e+33
1.391350240391491050e+33
1.370754159291782578e+33
1.351063358840500631e+33
1.332270037912398790e+33
1.314366768342468079e+33
1.297346489699368653e+33
1.281202504322975628e+33
1.265928472621929606e+33
1.251518408627291413e+33
1.237966675798570789e+33
1.225267983078616343e+33
1.213417381194028514e+33
1.202410259197969797e+33
1.192242341252420921e+33
1.182909683647146661e+33
1.174408672052812785e+33
1.166736019005898464e+33
1.159888761623247434e+33
1.153864259544275756e+33
1.148660193099070487e+33
1.144274561700793258e+33
1.140705682460994307e+33
1.137952189026648889e+33
1.136013030637902195e+33
1.134887471405712006e+33
1.134575089808773415e+33
1.135075778409287640e+33
1.136389743787348261e+33
1.138517506693887925e+33
1.141459902422343924e+33
1.145218081399371363e+33
1.149793509995139163e+33
1.155187971553927749e+33
1.161403567645949021e+33
1.168442719541492117e+33
1.176308169908694430e+33
1.185002984736433816e+33
1.194530555484031153e+33
1.204894601459641950e+33
1.216099172429412244e+33
1.228148651459673384e+33
1.241047757994639316e+33
1.254801551172266054e+33
1.269415433381137301e+33
1.284895154061415637e+33
1.301246813753125051e+33
1.318476868395197938e+33
1.336592133878929794e+33
1.355599790859678951e+33
1.375507389830844437e+33
1.396322856464337596e+33
1.418054497221982487e+33
1.440711005242432238e+33
1.464301466508422006e+33
1.488835366299332839e+33
1.514322595934242168e+33
1.540773459810813394e+33
1.568198682745563757e+33
1.596609417621203341e+33
1.626017253346928859e+33
1.656434223137713231e+33
1.687872813118765146e+33
1.720345971261521581e+33
1.753867116657626460e+33
1.788450149137529949e+33
1.824109459240388984e+33
1.860859938542152553e+33
1.898716990348681811e+33
1.937696540760934403e+33
1.977815050119219276e+33
2.019089524833615356e+33
2.061537529607591790e+33
2.105177200061918500e+33
2.150027255765845691e+33
2.196107013682484518e+33
2.243436402035198380e+33
2.292035974601629807e+33
2.341926925441839752e+33
2.393131104066712742e+33
2.445671031052540052e+33
2.499569914107286970e+33
2.554851664593634596e+33
2.611540914513370096e+33
2.669663033957130377e+33
2.729244149022819878e+33
2.790311160205258802e+33
2.852891761258734962e+33
2.917014458533165110e+33
2.982708590783425057e+33
3.050004349450175114e+33
3.118932799409094475e+33
3.189525900183851765e+33
3.261816527616403228e+33
3.335838495986255845e+33
3.411626580568147873e+33
3.489216540615212767e+33
3.568645142752020524e+33
3.649950184758985731e+33
3.733170519726316352e+33
3.818346080552210467e+33
3.905517904755947574e+33
3.994728159572341173e+33
4.086020167289128034e+33
4.179438430783785808e+33
4.275028659210496749e+33
4.372837793781738049e+33
4.472914033582152244e+33
4.575306861344920578e+33
4.680067069112643031e+33
4.787246783695882930e+33
4.896899491832837989e+33
5.009080064943025606e+33
5.123844783356407894e+33
5.241251359886852565e+33
5.361358962605290465e+33
5.484228236653187016e+33
5.609921324920938797e+33
5.738501887398558808e+33
5.870035118987151570e+33
6.004587765539498491e+33
6.142228137876093468e+33
6.283026123499303835e+33
6.427053195702735759e+33
6.574382419745480536e+33
6.725088455731130223e+33
6.879247557799706481e+33
7.036937569206352880e+33
7.198237912823942236e+33
7.363229576567472872e+33
7.531995093195959522e+33
7.704618513902691019e+33
7.881185375056787200e+33
8.061782657407954606e+33
8.246498737012236218e+33
8.435423327079033533e+33
8.628647409878967594e+33
8.826263157788078893e+33
9.028363842476299081e+33
9.235043731177449920e+33
9.446397968903963467e+33
9.662522445392412485e+33
9.883513645485982573e+33
1.010946848157733466e+34
1.034048410665058520e+34
1.057665770637436132e+34
1.081808626861032395e+34
1.106486632861310191e+34
1.131709368811013675e+34
1.157486310636345519e+34
1.183826796123219343e+34
1.210739987817552645e+34
1.238234832506277481e+34
1.266320017059238345e+34
1.295003920406729830e+34
1.324294561423277262e+34
1.354199542485792140e+34
1.384725988473659775e+34
1.415880480980185676e+34
1.447668987509430149e+34
1.480096785440337780e+34
1.513168380551816070e+34
1.546887419918472132e+34
1.581256599007860049e+34
1.616277562836880045e+34
1.651950801078204316e+34
1.688275537048028291e+34
1.725249610554798505e+34
1.762869354645731711e+34
1.801129466354714753e+34
1.840022871632262084e+34
1.879540584726578755e+34
1.919671562384898261e+34
1.960402553356925361e+34
2.001717943807758589e+34
2.043599599386511682e+34
2.086026704848858932e+34
2.128975602296901601e+34
2.172419629277320003e+34
2.216328958167807898e+34
2.260670438480809443e+34
2.305407443920539816e+34
2.350499726241449976e+34
2.395903278170379680e+34
2.441570207866538325e+34
2.487448627598150266e+34
2.533482559506553897e+34
2.579611861500992274e+34
2.625772176473274918e+34
2.671894908132586894e+34
2.717907226828652756e+34
2.763732108747005726e+34
2.809288411814198081e+34
2.854490991534194203e+34
2.899250859781234465e+34
2.943475389291308436e+34
2.987068566217416659e+34
3.029931292638167139e+34
3.071961740332423863e+34
3.113055756454958132e+34
3.153107320972706846e+34
3.192009054855646840e+34
3.229652777071472475e+34
3.265930107424752006e+34
3.300733111228537955e+34
3.333954980723385854e+34
3.365490747092696121e+34
3.395238015894890117e+34
3.423097717774787745e+34
3.448974865462635699e+34
3.472779307353246335e+34
3.494426467411846742e+34
3.513838060806491394e+34
3.530942774543777271e+34
3.545676902503485893e+34
3.557984924639624355e+34
3.567820020742936272e+34
3.575144510037015023e+34
3.579930208991097197e+34
3.582158701053015477e+34
3.581821513502761894e+34
3.578920198260590069e+34
3.573466315207949297e+34
3.565481318345191906e+34
3.554996346865728757e+34
3.542051924921376274e+34
3.526697575439696398e+34
3.508991354787690961e+34
3.488999316319806599e+34
3.466794911872326242e+34
3.442458341049824250e+34
3.416075858680476821e+34
3.387739051093205769e+34
3.357544091896650855e+34
3.325590987731935506e+34
3.291982824049001022e+34
3.256825020346079893e+34
3.220224603544112506e+34
3.182289507275317775e+34
3.143127903881519309e+34
3.102847574876650629e+34
3.061555324560818455e+34
3.019356440409961714e+34
2.976354202831034669e+34
2.932649445890222484e+34
2.888340169708626576e+34
2.843521204390040963e+34
2.798283924608320880e+34
2.752716013343247730e+34
2.706901272715819121e+34
2.660919479435873879e+34
2.614846282033206936e+34
2.568753136792673721e+34
2.522707279146967002e+34
2.476771727189622661e+34
2.431005313946779421e+34
2.385462745079898493e+34
2.340194678774131903e+34
2.295247824689474985e+34
2.250665059005901101e+34
2.206485552771597363e+34
2.162744910958417870e+34
2.119475319834319917e+34
2.076705700473662374e+34
2.034461866438107673e+34
1.992766683869750114e+34
1.951640232440876823e+34
1.911099965798958013e+34
1.871160870329337065e+34
1.831835621230251219e+34
1.793134735054425242e+34
1.755066718018129765e+34
1.717638209512065092e+34
1.680854120368978445e+34
1.644717765550689869e+34
1.609230991012956778e+34
1.574394294590727484e+34
1.540206940819722137e+34
1.506667069673554811e+34
1.473771799249738320e+34
1.441517322483482304e+34
1.409898998006220822e+34
1.378911435296892796e+34
1.348548574298963116e+34
1.318803759695716997e+34
1.289669810051100496e+34
1.261139082033948262e+34
1.233203529950406674e+34
1.205854760813206448e+34
1.179084085177644293e+34
1.152882563973120691e+34
1.127241051556206873e+34
1.102150235206817289e+34
1.077600671283439927e+34
1.053582818246769404e+34
1.030087066753752926e+34
1.007103767016133505e+34
9.846232536092848000e+33
9.626358679086018911e+33
9.411319783220103174e+33
9.201019984784911268e+33
8.995364035238614958e+33
8.794257446665534365e+33
8.597606621077956449e+33
8.405318964825217924e+33
8.217302989294805123e+33
8.033468399014845334e+33
7.853726168195032099e+33
7.677988606673698388e+33
7.506169416173067274e+33
7.338183737701937806e+33
7.173948190885822025e+33
7.013380905948522876e+33
6.856401549016272075e+33
6.702931341365781144e+33
6.552893073190840147e+33
6.406211112418356786e+33
6.262811409063613084e+33
6.122621495576234066e+33
5.985570483592550846e+33
5.851589057476709534e+33
5.720609465001770435e+33
5.592565505493133618e+33
5.467392515729927620e+33
5.345027353874870092e+33
5.225408381680236397e+33
5.108475445196069041e+33
4.994169854187011250e+33
4.882434360445858080e+33
4.773213135175074256e+33
4.666451745591820523e+33
4.562097130897840163e+33
4.460097577742119991e+33
4.360402695292237117e+33
4.262963390018930318e+33
4.167731840288267253e+33
4.074661470846219319e+33
3.983706927271845336e+33
3.894824050467266684e+33
3.807969851245387703e+33
3.723102485069580948e+33
3.640181226993522499e+33
3.559166446843723012e+33
3.480019584682261351e+33
3.402703126582569274e+33
3.327180580746891895e+33
3.253416453990216929e+33
3.181376228611941237e+33
3.111026339673424550e+33
3.042334152696654097e+33
2.975267941796674635e+33
2.909796868258071953e+33
2.845890959563701368e+33
2.783521088881892748e+33
2.722658955016704560e+33
2.663277062824232589e+33
2.605348704096577642e+33
2.548847938913898799e+33
2.493749577463838564e+33
2.440029162326671520e+33
2.387662951223634585e+33
2.336627900225188219e+33
2.286901647415249999e+33
2.238462497006924376e+33
2.191289403904695222e+33
2.145361958707687528e+33
2.100660373148186655e+33
2.057165465959354806e+33
2.014858649165800202e+33
1.973721914790470816e+33
1.933737821971195252e+33
1.894889484480053231e+33
1.857160558638724763e+33
1.820535231622855205e+33
1.784998210148516947e+33
1.750534709533814187e+33
1.717130443128721885e+33
1.684771612106299038e+33
1.653444895608506304e+33
1.623137441239896942e+33
1.593836855902603930e+33
1.565531196966132035e+33
1.538208963765590116e+33
1.511859089422152032e+33
1.486470932979660143e+33
1.462034271851456066e+33
1.438539294571670918e+33
1.415976593845382774e+33
1.394337159892216291e+33
1.373612374078133512e+33
1.353794002830354511e+33
1.334874191830516630e+33
1.316845460481373847e+33
1.299700696642528365e+33
1.283433151630868944e+33
1.268036435481586778e+33
1.253504512465833149e+33
1.239831696861266089e+33
1.227012648971950033e+33
1.215042371394230710e+33
1.203916205525442670e+33
1.193629828312464277e+33
1.184179249237361769e+33
1.175560807537533245e+33
1.167771169657969168e+33
1.160807326933443768e+33
1.154666593498633250e+33
1.149346604424364138e+33
1.144845314078374062e+33
1.141160994709175389e+33
1.138292235251793701e+33
1.136237940354344210e+33
1.134997329624616717e+33
1.134569937096008075e+33
1.134955610912358413e+33
1.136154513231416443e+33
1.138167120346871586e+33
1.140994223029059861e+33
1.144636927084670097e+33
1.149096654135934971e+33
1.154375142620020416e+33
1.160474449009488573e+33
1.167396949254921380e+33
1.175145340450972276e+33
1.183722642727318874e+33
1.193132201366171920e+33
1.203377689148195874e+33
1.214463108928893448e+33
1.226392796447688192e+33
1.239171423372155359e+33
1.252804000580023087e+33
1.267295881681780228e+33
1.282652766786918115e+33
1.298880706517020882e+33
1.315986106269122481e+33
1.333975730732950704e+33
1.352856708665853772e+33
1.372636537929432177e+33
1.393323090792046911e+33
1.414924619501618893e+33
1.437449762133293535e+33
1.460907548716736333e+33
1.485307407648031158e+33
1.510659172391320987e+33
1.536973088475517565e+33
1.564259820791596142e+33
1.592530461196149402e+33
1.621796536427049065e+33
1.652070016337239736e+33
1.683363322452826243e+33
1.715689336861771865e+33
1.749061411439681131e+33
1.783493377419234507e+33
1.818999555309998517e+33
1.855594765175419021e+33
1.893294337273885199e+33
1.932114123070859589e+33
1.972070506629088846e+33
2.013180416383965800e+33
2.055461337311103594e+33
2.098931323493196512e+33
2.143609011093169481e+33
2.189513631740556547e+33
2.236665026337928144e+33
2.285083659294035939e+33
2.334790633190160147e+33
2.385807703885879338e+33
2.438157296070195082e+33
2.491862519263585519e+33
2.546947184276150942e+33
2.603435820126485243e+33
2.661353691425382846e+33
2.720726816227777597e+33
2.781581984355622434e+33
2.843946776193475800e+33
2.907849581957671899e+33
2.973319621438796348e+33
3.040386964215964993e+33
3.109082550340050081e+33
3.179438211481400630e+33
3.251486692535913674e+33
3.325261673681381297e+33
3.400797792873876103e+33
3.478130668771616922e+33
3.557296924071089271e+33
3.638334209237338725e+33
3.721281226607101802e+33
3.806177754839981379e+33
3.893064673688948498e+33
3.981983989057197021e+33
4.072978858303690942e+33
4.166093615754639626e+33
4.261373798372421773e+33
4.358866171527426064e+33
4.458618754811415444e+33
4.560680847823730288e+33
4.665103055853572420e+33
4.771937315372798985e+33
4.881236919244111888e+33
4.993056541539107809e+33
5.107452261849236459e+33
5.224481588960492576e+33
5.344203483749077716e+33
5.466678381140891504e+33
5.591968210961771749e+33
5.720136417488356273e+33
5.851247977490882496e+33
5.985369416539139583e+33
6.122568823321132111e+33
6.262915861700632923e+33
6.406481780214394774e+33
6.553339418682726689e+33
6.703563211577643461e+33
6.857229187761402653e+33
7.014414966174226528e+33
7.175199747013761939e+33
7.339664297909820955e+33
7.507890934556286483e+33
7.679963495217537869e+33
7.855967308479329479e+33
8.035989153563406285e+33
8.220117212471512320e+33
8.408441013167389786e+33
8.601051362945170272e+33
8.798040271068872142e+33
8.999500859700719571e+33
9.205527262065736248e+33
9.416214506726494185e+33
9.631658386765125062e+33
9.851955312590306739e+33
1.007720214700442297e+34
1.030749602108175815e+34
1.054293412932209449e+34
1.078361350245639688e+34
1.102963075619324194e+34
1.128108181410657122e+34
1.153806160277903864e+34
1.180066371723126878e+34
1.206898005458751901e+34
1.234310041385446977e+34
1.262311205962332099e+34
1.290909924744981518e+34
1.320114270862309173e+34
1.349931909200704472e+34
1.380370036062930638e+34
1.411435314070787433e+34
1.443133802084718698e+34
1.475470879920958686e+34
1.508451167657936835e+34
1.542078439339103565e+34
1.576355530899704193e+34
1.611284242170970172e+34
1.646865232847511421e+34
1.683097912342991968e+34
1.719980323506404511e+34
1.757509020227116210e+34
1.795678939022192268e+34
1.834483264775134799e+34
1.873913290881868652e+34
1.913958274158229847e+34
1.954605284974089194e+34
1.995839053202927028e+34
2.037641810712612524e+34
2.079993131273335165e+34
2.122869768921938956e+34
2.166245495997763235e+34
2.210090942252636945e+34
2.254373436635340646e+34
2.299056853556850930e+34
2.344101465654321567e+34
2.389463805285794731e+34
2.435096537200120859e+34
2.480948345032610374e+34
2.526963834471057353e+34
2.573083456112444103e+34
2.619243451180760216e+34
2.665375823392931018e+34
2.711408340334411568e+34
2.757264567729527502e+34
2.802863939954976063e+34
2.848121870038822615e+34
2.892949902203162617e+34
2.937255909738163882e+34
2.980944340631912426e+34
3.023916512918984103e+34
3.066070961148242796e+34
3.107303834706685323e+34
3.147509347974355705e+34
3.186580281431831649e+34
3.224408531907437334e+34
3.260885709150637571e+34
3.295903774870378237e+34
3.329355719305296721e+34
3.361136269323995080e+34
3.391142621017842529e+34
3.419275188778679863e+34
3.445438361983024507e+34
3.469541259666939991e+34
3.491498473003894711e+34
3.511230785021436376e+34
3.528665856836508053e+34
3.543738869773012746e+34
3.556393113060931384e+34
3.566580507407924976e+34
3.574262055576822736e+34
3.579408212181518708e+34
3.581999166206502971e+34
3.582025031229357715e+34
3.579485939942532881e+34
3.574392041285085910e+34
3.566763400257961809e+34
3.556629802256709057e+34
3.544030465462131075e+34
3.529013666433645751e+34
3.511636285507670070e+34
3.491963279875851738e+34
3.470067093274537399e+34
3.446027012035464365e+34
3.419928477814917216e+34
3.391862367630549979e+34
3.361924251896749446e+34
3.330213640973501491e+34
3.296833230350275805e+34
3.261888154001176303e+34
3.225485254700058475e+34
3.187732379207449877e+34
3.148737705268199170e+34
3.108609106323877107e+34
3.067453558778655717e+34
3.025376595591883991e+34
2.982481808930899151e+34
2.938870403626685769e+34
2.894640802251237379e+34
2.849888301793105606e+34
2.804704781157067164e+34
2.759178458061009699e+34
2.713393693350983557e+34
2.667430840303282015e+34
2.621366136127430778e+34
2.575271632620739856e+34
2.529215162746890184e+34
2.483260339809765751e+34
2.437466585860693761e+34
2.391889186003386548e+34
2.346579365336981001e+34
2.301584385394878249e+34
2.256947657087169537e+34
2.212708867329414033e+34
2.168904116733524155e+34
2.125566065940994306e+34
2.082724088389316767e+34
2.040404427514496441e+34
1.998630356602026896e+34
1.957422339702525771e+34
1.916798192223746512e+34
1.876773239996125253e+34
1.837360475782864731e+34
1.798570712367036693e+34
1.760412731496605333e+34
1.722893428103696744e+34
1.686017949336703192e+34
1.649789828053440270e+34
1.614211110520932759e+34
1.579282478153177740e+34
1.545003363193040178e+34
1.511372058309162070e+34
1.478385820134064101e+34
1.446040966816415582e+34
1.414332969699445799e+34
1.383256539269525939e+34
1.352805705544715356e+34
1.322973893093350867e+34
1.293753990888129720e+34
1.265138417212262962e+34
1.237119179841732878e+34
1.209687931731914936e+34
1.182836022438423612e+34
1.156554545501269426e+34
1.130834382018819543e+34
1.105666240633839680e+34
1.081040694148424653e+34
1.056948212978155200e+34
1.033379195648558033e+34
1.010323996529111334e+34
9.877729509917725497e+33
9.657163981725134440e+33
9.441447015056594870e+33
9.230482671921533224e+33
9.024175607542026977e+33
8.822431218202442667e+33
8.625155772757979568e+33
8.432256529076605711e+33
8.243641836610074220e+33
8.059221226213883761e+33
7.878905488263250270e+33
7.702606740042448028e+33
7.530238483318580575e+33
7.361715652947750605e+33
7.196954657301861689e+33
7.035873411247706172e+33
6.878391362356775923e+33
6.724429510973997483e+33
6.573910424726487119e+33
6.426758248009177918e+33
6.282898706942783471e+33
6.142259110260831471e+33
6.004768346546400243e+33
5.870356878205415278e+33
5.738956732532092096e+33
5.610501490192774581e+33
5.484926271427457973e+33
5.362167720242997536e+33
5.242163986848689546e+33
5.124854708563389657e+33
5.010180989403161023e+33
4.898085378540141940e+33
4.788511847806070449e+33
4.681405768398280673e+33
4.576713886931344724e+33
4.474384300964184895e+33
4.374366434120165367e+33
4.276611010906282930e+33
4.181070031327174570e+33
4.087696745380107812e+33
3.996445627508280280e+33
3.907272351081731137e+33
3.820133762967790725e+33
3.734987858246220691e+33
3.651793755118019575e+33
3.570511670051242530e+33
3.491102893202002657e+33
3.413529764144145170e+33
3.337755647936780589e+33
3.263744911555013583e+33
3.191462900705597702e+33
3.120875917046081517e+33
3.051951195823084380e+33
2.984656883942694083e+33
2.918962018483601366e+33
2.854836505661420445e+33
2.792251100250747063e+33
2.731177385469692542e+33
2.671587753330137029e+33
2.613455385455498167e+33
2.556754234366591958e+33
2.501459005235032112e+33
2.447545138102629899e+33
2.394988790564393532e+33
2.343766820911958859e+33
2.293856771733587932e+33
2.245236853966320605e+33
2.197885931395344108e+33
2.151783505595203066e+33
2.106909701307121388e+33
2.063245252246382035e+33
2.020771487333476925e+33
1.979470317342519591e+33
1.939324221960245475e+33
1.900316237248825850e+33
1.862429943505620813e+33
1.825649453512940823e+33
1.789959401170887457e+33
1.755344930506305403e+33
1.721791685050960740e+33
1.689285797582051888e+33
1.657813880218272622e+33
1.627363014864703876e+33
1.597920743999920034e+33
1.569475061798809534e+33
1.542014405584737584e+33
1.515527647604792656e+33
1.490004087122040841e+33
1.465433442818825183e+33
1.441805845505334688e+33
1.419111831127822546e+33
1.397342334071018492e+33
1.376488680749469936e+33
1.356542583482713624e+33
1.337496134649367264e+33
1.319341801115415279e+33
1.302072418932153393e+33
1.285681188299440056e+33
1.270161668790097264e+33
1.255507774831495895e+33
1.241713771440556933e+33
1.228774270208582135e+33
1.216684225532536370e+33
1.205438931089590345e+33
1.195034016551923525e+33
1.185465444538991982e+33
1.176729507804651556e+33
1.168822826656724825e+33
1.161742346606793099e+33
1.155485336248189485e+33
1.150049385360361311e+33
1.145432403237969961e+33
1.141632617243270234e+33
1.138648571580533028e+33
1.136479126291442863e+33
1.135123456470601809e+33
1.134581051700472711e+33
1.134851715705268122e+33
1.135935566223503190e+33
1.137833035099105129e+33
1.140544868591178015e+33
1.144072127902700013e+33
1.148416189928637282e+33
1.153578748224131425e+33
1.159561814193632961e+33
1.166367718502028681e+33
1.173999112709005300e+33
1.182458971128090855e+33
1.191750592912014156e+33
1.201877604366192387e+33
1.212843961492388817e+33
1.224653952764734783e+33
1.237312202140543992e+33
1.250823672308515375e+33
1.265193668177128547e+33
1.280427840606231204e+33
1.296532190385010590e+33
1.313513072459736623e+33
1.331377200414868027e+33
1.350131651211288776e+33
1.369783870185672905e+33
1.390341676315125030e+33
1.411813267751475078e+33
1.434207227629768892e+33
1.457532530155724609e+33
1.481798546977060518e+33
1.507015053843831510e+33
1.533192237563077277e+33
1.560340703253254316e+33
1.588471481904119495e+33
1.617596038247883118e+33
1.647726278947634165e+33
1.678874561109173275e+33
1.711053701122562837e+33
1.744276983839825461e+33
1.778558172095369125e+33
1.813911516575829967e+33
1.850351766046116813e+33
1.887894177938562268e+33
1.926554529312142310e+33
1.966349128188773846e+33
2.007294825273768878e+33
2.049409026067506076e+33
2.092709703375383973e+33
2.137215410223078825e+33
2.182945293184055488e+33
2.229919106126165265e+33
2.278157224384045048e+33
2.327680659363796307e+33
2.378511073586230514e+33
2.430670796174658628e+33
2.484182838792835601e+33
2.539070912038293319e+33
2.595359442295786932e+33
2.653073589055023825e+33
2.712239262696195108e+33
2.772883142746102559e+33
2.835032696606819106e+33
2.898716198757850125e+33
2.963962750431725240e+33
3.030802299761684387e+33
3.099265662398797199e+33
3.169384542594320224e+33
3.241191554741380378e+33
3.314720245368188580e+33
3.390005115572901297e+33
3.467081643887875590e+33
3.545986309558504370e+33
3.626756616218971965e+33
3.709431115944064439e+33
3.794049433652776041e+33
3.880652291835535523e+33
3.969281535572722123e+33
4.059980157807524095e+33
4.152792324831074875e+33
4.247763401932291585e+33
4.344939979158698941e+33
4.444369897127928101e+33
4.546102272822226636e+33
4.650187525290424075e+33
4.756677401173061181e+33
4.865624999957017346e+33
4.977084798855553770e+33
5.091112677198555821e+33
5.207765940205561168e+33
5.327103342000806015e+33
5.449185107715269333e+33
5.574072954504947824e+33
5.701830111297735160e+33
5.832521337062952803e+33
5.966212937377636442e+33
6.102972779042397459e+33
6.242870302476335601e+33
6.385976531595589792e+33
6.532364080853105664e+33
6.682107159088192037e+33
6.835281569803205938e+33
6.991964707451176488e+33
7.152235549282154941e+33
7.316174642257538312e+33
7.483864084500315227e+33
7.655387500705062620e+33
7.830830010884498862e+33
8.010278191779269854e+33
8.193820030204345084e+33
8.381544867548980111e+33
8.573543334587270773e+33
8.769907275693283828e+33
8.970729661488157140e+33
9.176104488876742754e+33
9.386126667358243297e+33
9.600891890419080591e+33
9.820496490737020410e+33
1.004503727784360578e+34
1.027461135680781096e+34
1.050931592641761745e+34
1.074924805524864315e+34
1.099450443392093836e+34
1.124518110175688913e+34
1.150137314596667525e+34
1.176317437140315163e+34
1.203067693884771428e+34
1.230397096971378788e+34
1.258314411498712875e+34
1.286828108616453682e+34
1.315946314590724902e+34
1.345676755609551775e+34
1.376026698095929877e+34
1.407002884297151510e+34
1.438611462922782501e+34
1.470857914610634271e+34
1.503746972010621629e+34
1.537282534291199993e+34
1.571467575892715998e+34
1.606304049377085422e+34
1.641792782254615401e+34
1.677933367707027993e+34
1.714724049171826065e+34
1.752161598807692690e+34
1.790241189924601041e+34
1.828956263536418302e+34
1.868298389278864909e+34
1.908257121032441039e+34
1.948819847698972856e+34
1.989971639702324536e+34
2.031695091918846501e+34
2.073970163891449287e+34
2.116774018342696447e+34
2.160080859176392763e+34
2.203861770343140245e+34
2.248084557141659166e+34
2.292713591732641710e+34
2.337709664852927533e+34
2.383029845931711935e+34
2.428627354023486637e+34
2.474451442179663751e+34
2.520447298077041817e+34
2.566555963899954906e+34
2.612714278627137940e+34
2.658854845996172458e+34
2.704906031499405747e+34
2.750791991796541329e+34
2.796432739901507968e+34
2.841744249405490092e+34
2.886638600825392148e+34
2.931024172909228656e+34
2.974805881380095182e+34
3.017885467153013806e+34
3.060161835510877265e+34
3.101531447076276684e+34
3.141888760667716662e+34
3.181126727287675890e+34
3.219137333566216607e+34
3.255812191991536376e+34
3.291043174216384476e+34
3.324723082659419540e+34
3.356746354549562516e+34
3.387009791519093386e+34
3.415413306869837829e+34
3.441860681749912486e+34
3.466260320720153699e+34
3.488525996592214593e+34
3.508577574014564906e+34
3.526341701094103202e+34
3.541752458390018312e+34
3.554751954916193125e+34
3.565290861343977716e+34
3.573328871404681145e+34
3.578835083538212279e+34
3.581788296098245504e+34
3.582177210875236174e+34
3.580000541297764863e+34
3.575267023376333918e+34
3.567995329212818112e+34
3.558213884662540947e+34
3.545960594453210899e+34
3.531282479686514314e+34
3.514235234128966688e+34
3.494882706999286430e+34
3.473296321048295442e+34
3.449554435580632213e+34
3.423741664670706582e+34
3.395948161173445897e+34
3.366268877226766923e+34
3.334802811799315828e+34
3.301652255473013100e+34
3.266922042089944147e+34
3.230718816166688780e+34
3.193150324118560573e+34
3.154324736374854222e+34
3.114350006438031525e+34
3.073333271876971087e+34
3.031380301177150218e+34
2.988594989325964827e+34
2.945078904012203117e+34
2.900930883384545270e+34
2.856246685459367508e+34
2.811118688504092401e+34
2.765635641055443886e+34
2.719882459665543361e+34
2.673940072002669110e+34
2.627885302565036767e+34
2.581790797990181595e+34
2.535724988752729850e+34
2.489752083931747855e+34
2.443932095686698303e+34
2.398320890099389668e+34
2.352970261108784244e+34
2.307928024377673181e+34
2.263238128076014732e+34
2.218940777737777778e+34
2.175072572538844371e+34
2.131666650546831675e+34
2.088752840703708934e+34
2.046357819514156263e+34
2.004505270622727597e+34
1.963216045667593816e+34
1.922508324995534766e+34
1.882397777009761453e+34
1.842897715097736853e+34
1.804019251249387973e+34
1.765771445626457511e+34
1.728161451480912734e+34
1.691194654944520344e+34
1.654874809323045418e+34
1.619204163627594355e+34
1.584183585163004631e+34
1.549812676069489855e+34
1.516089883779845572e+34
1.483012605411116816e+34
1.450577286157573567e+34
1.418779511791887930e+34
1.387614095414415895e+34
1.357075158617059562e+34
1.327156207249263403e+34
1.297850201989665422e+34
1.269149623938655723e+34
1.241046535455025729e+34
1.213532636464540789e+34
1.186599316470219191e+34
1.160237702493638291e+34
1.134438703174231401e+34
1.109193049249527197e+34
1.084491330633987053e+34
1.060324030307740180e+34
1.036681555219363422e+34
1.013554264399077325e+34
9.909324944705406199e+33
9.688065827409164777e+33
9.471668880402623618e+33
9.260038094725800084e+33
9.053078032322044383e+33
8.850693976306622203e+33
8.652792064707433169e+33
8.459279408963696568e+33
8.270064198389253146e+33
8.085055791730921347e+33
7.904164796879043648e+33
7.727303139717263279e+33
7.554384123031794445e+33
7.385322476336810171e+33
7.220034397412536992e+33
7.058437586295365081e+33
6.900451272405926393e+33
6.745996235450115770e+33
6.594994820680718736e+33
6.447370949062519787e+33
6.303050122842096158e+33
6.161959426984349950e+33
6.024027526901300033e+33
5.889184662864726980e+33
5.757362641462421742e+33
5.628494824428451529e+33
5.502516115150287697e+33
5.379362943130349991e+33
5.258973246655812750e+33
5.141286453908771205e+33
5.026243462728559506e+33
4.913786619219346398e+33
4.803859695378869401e+33
4.696407865908224640e+33
4.591377684347885305e+33
4.488717058671603745e+33
4.388375226457366034e+33
4.290302729743114738e+33
4.194451389664333749e+33
4.100774280960980591e+33
4.009225706432293416e+33
3.919761171409883341e+33
3.832337358312005710e+33
3.746912101335148922e+33
3.663444361332666901e+33
3.581894200924647851e+33
3.502222759877862933e+33
3.424392230789900030e+33
3.348365835107301178e+33
3.274107799503506617e+33
3.201583332638863775e+33
3.130758602321696711e+33
3.061600713086448377e+33
2.994077684202252279e+33
2.928158428122882855e+33
2.863812729386831759e+33
2.801011223974272536e+33
2.739725379125964046e+33
2.679927473627482807e+33
2.621590578560797838e+33
2.564688538523935949e+33
2.509195953318320427e+33
2.455088160102376817e+33
2.402341216009149560e+33
2.350931881224797549e+33
2.300837602524298293e+33
2.252036497259913297e+33
2.204507337797622525e+33
2.158229536396179557e+33
2.113183130523104973e+33
2.069348768601612105e+33
2.026707696182209988e+33
1.985241742532491400e+33
1.944933307638470360e+33
1.905765349610692786e+33
1.867721372488262150e+33
1.830785414433857718e+33
1.794942036312811115e+33
1.760176310649276993e+33
1.726473810952608532e+33
1.693820601407029452e+33
1.662203226917812994e+33
1.631608703507236243e+33
1.602024509053687127e+33
1.573438574367381255e+33
1.545839274596321024e+33
1.519215420956224507e+33
1.493556252778295490e+33
1.468851429868889624e+33
1.445091025175243181e+33
1.422265517751644510e+33
1.400365786020556830e+33
1.379383101323403029e+33
1.359309121755896113e+33
1.340135886282966084e+33
1.321855809128546478e+33
1.304461674435638846e+33
1.287946631192298584e+33
1.272304188419340000e+33
1.257528210615778415e+33
1.243612913458206982e+33
1.230552859750502734e+33
1.218342955620443170e+33
1.206978446960028249e+33
1.196454916106475760e+33
1.186768278761061083e+33
1.177914781143172825e+33
1.169890997377139272e+33
1.162693827109584812e+33
1.156320493355257638e+33
1.150768540569482768e+33
1.146035832945557544e+33
1.142120552935634333e+33
1.139021199993805215e+33
1.136736589540297415e+33
1.135265852145890723e+33
1.134608432935856640e+33
1.134764091212897713e+33
1.135732900298784246e+33
1.137515247594547330e+33
1.140111834859303827e+33
1.143523678707958603e+33
1.147752111328250513e+33
1.152798781417760385e+33
1.158665655341736623e+33
1.165355018512747371e+33
1.172869476993386957e+33
1.181211959323443339e+33
1.190385718573137592e+33
1.200394334624227096e+33
1.211241716680974758e+33
1.222932106013163420e+33
1.235470078933546058e+33
1.248860550012303347e+33
1.263108775531291457e+33
1.278220357181036757e+33
1.294201246003657754e+33
1.311057746585066817e+33
1.328796521500012059e+33
1.347424596013710252e+33
1.366949363044023293e+33
1.387378588388317482e+33
1.408720416219343491e+33
1.430983374854663962e+33
1.454176382804351681e+33
1.478308755101855943e+33
1.503390209923149150e+33
1.529430875499410977e+33
1.556441297328717534e+33
1.584432445692377367e+33
1.613415723481689827e+33
1.643402974341124493e+33
1.674406491134030374e+33
1.706439024737163515e+33
1.739513793170440658e+33
1.773644491068483972e+33
1.808845299500627948e+33
1.845130896146167648e+33
1.882516465831726040e+33
1.921017711437703217e+33
1.960650865180810633e+33
2.001432700279760922e+33
2.043380543011169771e+33
2.086512285162748776e+33
2.130846396890810579e+33
2.176401939989046753e+33
2.223198581575444959e+33
2.271256608204047295e+33
2.320596940408112852e+33
2.371241147680951758e+33
2.423211463900482381e+33
2.476530803203184958e+33
2.531222776312716431e+33
2.587311707328007750e+33
2.644822650975095884e+33
2.703781410326294879e+33
2.764214554989628311e+33
2.826149439770558346e+33
2.889614223807160577e+33
2.954637890178791607e+33
3.021250265987138559e+33
3.089482042907154999e+33
3.159364798203922416e+33
3.230931016209793703e+33
3.304214110254296418e+33
3.379248445037198880e+33
3.456069359432876142e+33
3.534713189711507812e+33
3.615217293159875006e+33
3.697620072081372209e+33
3.781960998151472912e+33
3.868280637101034233e+33
3.956620673695757104e+33
4.047023936975484987e+33
4.139534425712086709e+33
4.234197334039086549e+33
4.331059077200320222e+33
4.430167317358179600e+33
4.531570989394930111e+33
4.635320326632666466e+33
4.741466886388931531e+33
4.850063575275653367e+33
4.961164674138912630e+33
5.074825862525908975e+33
5.191104242553502395e+33
5.310058362039567903e+33
5.431748236744149547e+33
5.556235371552019765e+33
5.683582780411475102e+33
5.813855004826034988e+33
5.947118130676182161e+33
6.083439803126939780e+33
6.222889239354280165e+33
6.365537238798535349e+33
6.511456190626337952e+33
6.660720078053911949e+33
6.813404479153585079e+33
6.969586563732250409e+33
7.129345085834794010e+33
7.292760371387350904e+33
7.459914300454353849e+33
7.630890283539613848e+33
7.805773231315087455e+33
7.984649517111246624e+33
8.167606931450240278e+33
8.354734627846877984e+33
8.546123059043265882e+33
8.741863902780050475e+33
8.942049976141442454e+33
9.146775137441534395e+33
9.356134174547019237e+33
9.570222678455392778e+33
9.789136900869165691e+33
1.001297359442473352e+34
1.024182983415102742e+34
1.047580281864676645e+34
1.071498964937798982e+34
1.095948708640940670e+34
1.120939127879492786e+34
1.146479746776597492e+34
1.172579966077113916e+34
1.199249027433984452e+34
1.226495974366689671e+34
1.254329609674603809e+34
1.282758449082151751e+34
1.311790670887973754e+34
1.341434061387030513e+34
1.371695955833204401e+34
1.402583174710715899e+34
1.434101955086041962e+34
1.466257876818491376e+34
1.499055783417585489e+34
1.532499697349581220e+34
1.566592729614347040e+34
1.601336983438129281e+34
1.636733451958156243e+34
1.672781909812295105e+34
1.709480798591854779e+34
1.746827106168995661e+34
1.784816239972754871e+34
1.823441894360335570e+34
1.862695912313810256e+34
1.902568141787416315e+34
1.943046287137921508e+34
1.984115756190557606e+34
2.025759503626184655e+34
2.067957871521809019e+34
2.110688428036198778e+34
2.153925805404728493e+34
2.197641538591935037e+34
2.241803906145237148e+34
2.286377774997178711e+34
2.331324451173865700e+34
2.376601538581011453e+34
2.422162808252389958e+34
2.467958080653891559e+34
2.513933123834459835e+34
2.560029570396824747e+34
2.606184856419014531e+34
2.652332185584554394e+34
2.698400521866610024e+34
2.744314614150184608e+34
2.789995056157819641e+34
2.835358384958692402e+34
2.880317221179783080e+34
2.924780453792521199e+34
2.968653472011839943e+34
3.011838446411312465e+34
3.054234660824266943e+34
3.095738895965611513e+34
3.136245864974551745e+34
3.175648700249902723e+34
3.213839490036904000e+34
3.250709862240797050e+34
3.286151611905780541e+34
3.320057367730455374e+34
3.352321291918276704e+34
3.382839806613280124e+34
3.411512339179255613e+34
3.438242077678288147e+34
3.462936727125986023e+34
3.485509256478873574e+34
3.505878625874961245e+34
3.523970483427802711e+34
3.539717820888792042e+34
3.553061577756092938e+34
3.563951183927924189e+34
3.572345031770476519e+34
3.578210869484903372e+34
3.581526108892930897e+34
3.582278042187164726e+34
3.580463963772987968e+34
3.576091195020676797e+34
3.569177011500621431e+34
3.559748474040825231e+34
3.547842166672721715e+34
3.533503846169307633e+34
3.516788009382819082e+34
3.497757385917472392e+34
3.476482364793161840e+34
3.453040364643592129e+34
3.427515157631465429e+34
3.399996157647498044e+34
3.370577683491454110e+34
3.339358207622961471e+34
3.306439600735624530e+34
3.271926381874024906e+34
3.235924983108390298e+34
3.198543036937991094e+34
3.159888693645212535e+34
3.120069974801462760e+34
3.079194168066309296e+34
3.037367267352920156e+34
2.994693461383455009e+34
2.951274672651240603e+34
2.907210147862188181e+34
2.862596100061308400e+34
2.817525401872873138e+34
2.772087328601825851e+34
2.726367349363379216e+34
2.680446963927538704e+34
2.634403582583266933e+34
2.588310446038463389e+34
2.542236582170487818e+34
2.496246796319748668e+34
2.450401691767492708e+34
2.404757717049232185e+34
2.359367236818094333e+34
2.314278623078979560e+34
2.269536363755958729e+34
2.225181185724091289e+34
2.181250189625372620e+34
2.137776993990373403e+34
2.094791886396491420e+34
2.052321979605841289e+34
2.010391370836356870e+34
1.969021302525343425e+34
1.928230323142892236e+34
1.888034446800929674e+34
1.848447310580980495e+34
1.809480328668738617e+34
1.771142842535682816e+34
1.733442266547090623e+34
1.696384228501760403e+34
1.659972704721899544e+34
1.624210149412435203e+34
1.589097618097952455e+34
1.554634885023336192e+34
1.520820554471656350e+34
1.487652166010737596e+34
1.455126293728978282e+34
1.423238639562092050e+34
1.391984120846407083e+34
1.361356952261809953e+34
1.331350722349203448e+34
1.301958464804030472e+34
1.273172724759701917e+34
1.244985620283186871e+34
1.217388899310128657e+34
1.190373992249139904e+34
1.163932060484792198e+34
1.138054041006703699e+34
1.112730687388324857e+34
1.087952607333907310e+34
1.063710297005891060e+34
1.039994172337930640e+34
1.016794597531043052e+34
9.941019109222519750e+33
9.719064484066091779e+33
9.501985645848788096e+33
9.289686518004370872e+33
9.082071572203075223e+33
8.879045981066429561e+33
8.680515754165855528e+33
8.486387858602194874e+33
8.296570325383881282e+33
8.110972342744815091e+33
7.929504337469201486e+33
7.752078045220150819e+33
7.578606570801548262e+33
7.409004439218602205e+33
7.243187638341936272e+33
7.081073653922521005e+33
6.922581497650627736e+33
6.767631728900915067e+33
6.616146470757738025e+33
6.468049420869782971e+33
6.323265857640939027e+33
6.181722642224769263e+33
6.043348216753238200e+33
5.908072599195844035e+33
5.775827375213335857e+33
5.646545687340395341e+33
5.520162221803953151e+33
5.396613193258130058e+33
5.275836327692896210e+33
5.157770843751543080e+33
5.042357432671491050e+33
4.929538237044162948e+33
4.819256828572109881e+33
4.711458184985495870e+33
4.606088666265120966e+33
4.503095990305491133e+33
4.402429208138806052e+33
4.304038678829139892e+33
4.207876044135350637e+33
4.113894203031529827e+33
4.022047286164732784e+33
3.932290630321483725e+33
3.844580752967034268e+33
3.758875326914331354e+33
3.675133155173420283e+33
3.593314146026122838e+33
3.513379288365591632e+33
3.435290627335534699e+33
3.359011240299443109e+33
3.284505213166211984e+33
3.211737617094890533e+33
3.140674485597981477e+33
3.071282792059716134e+33
3.003530427683033557e+33
2.937386179876519133e+33
2.872819711090355957e+33
2.809801538108324685e+33
2.748303011801119553e+33
2.688296297344611714e+33
2.629754354905257329e+33
2.572650920793541074e+33
2.516960489085230796e+33
2.462658293709160711e+33
2.409720290999368429e+33
2.358123142708638093e+33
2.307844199479760550e+33
2.258861484770258312e+33
2.211153679225771934e+33
2.164700105496834059e+33
2.119480713493424479e+33
2.075476066071320246e+33
2.032667325144015035e+33
1.991036238213756044e+33
1.950565125315084669e+33
1.911236866364100059e+33
1.873034888906626592e+33
1.835943156258351032e+33
1.799946156029988771e+33
1.765028889030551834e+33
1.731176858541763069e+33
1.698376059956767297e+33
1.666612970776295125e+33
1.635874540955544308e+33
1.606148183595145653e+33
1.577421765969665412e+33
1.549683600887233952e+33
1.522922438374022152e+33
1.497127457677428835e+33
1.472288259581978265e+33
1.448394859032108634e+33
1.425437678056183775e+33
1.403407538986219726e+33
1.382295657968018099e+33
1.362093638756548372e+33
1.342793466791621250e+33
1.324387503549080000e+33
1.306868481162906149e+33
1.290229497313848637e+33
1.274464010380359044e+33
1.259565834847810633e+33
1.245529136972183882e+33
1.232348430694573848e+33
1.220018573803082478e+33
1.208534764338861511e+33
1.197892537243236171e+33
1.188087761243073018e+33
1.179116635971713304e+33
1.170975689323020569e+33
1.163661775036254941e+33
1.157172070509705797e+33
1.151504074841191995e+33
1.146655607093735598e+33
1.142624804784916648e+33
1.139410122598597369e+33
1.137010331317902550e+33
1.135424516978534447e+33
1.134652080241696907e+33
1.134692735986082500e+33
1.135546513118586874e+33
1.137213754603590948e+33
1.139695117710847675e+33
1.142991574482203984e+33
1.147104412417586770e+33
1.152035235380855331e+33
1.157785964726331069e+33
1.164358840647004286e+33
1.171756423745614564e+33
1.179981596829972630e+33
1.189037566934116499e+33
1.198927867567073913e+33
1.209656361191186298e+33
1.221227241932161301e+33
1.233645038523212338e+33
1.246914617485830101e+33
1.261041186549933281e+33
1.276030298316344945e+33
1.291887854164729787e+33
1.308620108410323204e+33
1.326233672712987607e+33
1.344735520742316468e+33
1.364132993102712935e+33
1.384433802522550310e+33
1.405646039311731789e+33
1.427778177092144987e+33
1.450839078805702791e+33
1.474838003004856884e+33
1.499784610430651348e+33
1.525688970883558943e+33
1.552561570392543021e+33
1.580413318687948267e+33
1.609255556983999859e+33
1.639100066076854657e+33
1.669959074764317194e+33
1.701845268593462983e+33
1.734771798942590317e+33
1.768752292444013714e+33
1.803800860754377306e+33
1.839932110679233335e+33
1.877161154658776764e+33
1.915503621621661327e+33
1.954975668213913977e+33
1.995593990409995249e+33
2.037375835513085352e+33
2.080339014551650137e+33
2.124501915079335314e+33
2.169883514385154896e+33
2.216503393120848129e+33
2.264381749352154148e+33
2.313539413040556961e+33
2.363997860961845587e+33
2.415779232067560916e+33
2.468906343295042323e+33
2.523402705831437103e+33
2.579292541836538383e+33
2.636600801628781574e+33
2.695353181338127041e+33
2.755576141028822865e+33
2.817296923294247447e+33
2.880543572325082880e+33
2.945344953451054298e+33
3.011730773155275376e+33
3.079731599558929313e+33
3.149378883372528503e+33
3.220704979308370475e+33
3.293743167946928433e+33
3.368527678047897672e+33
3.445093709294381356e+33
3.523477455456098111e+33
3.603716127954823762e+33
3.685847979812133196e+33
3.769912329956162547e+33
3.855949587860376471e+33
3.944001278483221985e+33
4.034110067473072425e+33
4.126319786597891954e+33
4.220675459353642671e+33
4.317223326699537300e+33
4.416010872861736797e+33
4.517086851139969451e+33
4.620501309643826398e+33
4.726305616877009832e+33
4.834552487078551140e+33
4.945296005220014549e+33
5.058591651546673044e+33
5.174496325538813199e+33
5.293068369156287152e+33
5.414367589215456560e+33
5.538455278732316453e+33
5.665394237049115114e+33
5.795248788543807462e+33
5.928084799702308007e+33
6.063969694312491726e+33
6.202972466516225872e+33
6.345163691431275000e+33
6.490615533028479193e+33
6.639401748921183688e+33
6.791597691693373316e+33
6.947280306360012399e+33
7.106528123517842469e+33
7.269421247707033971e+33
7.436041340463632144e+33
7.606471597499389682e+33
7.780796719399397396e+33
7.959102875178686244e+33
8.141477657986573834e+33
8.328010032192039552e+33
8.518790271024381697e+33
8.713909883881411708e+33
8.913461532351629437e+33
9.117538933928158945e+33
9.326236752319821911e+33
9.539650473189538027e+33
9.757876264071642449e+33
9.981010817138793734e+33
1.020915117340521878e+34
1.044239452686768244e+34
1.068083800699814111e+34
1.092457843791404868e+34
1.117371207246427029e+34
1.142833429938119099e+34
1.168853932156449077e+34
1.195441980348056449e+34
1.222606648558448056e+34
1.250356776360204978e+34
1.278700923044873804e+34
1.307647317851297322e+34
1.337203805999721676e+34
1.367377790299275954e+34
1.398176168096893253e+34
1.429605263338719179e+34
1.461670753521029303e+34
1.494377591317168154e+34
1.527729920680545685e+34
1.561730987241940040e+34
1.596383042842838867e+34
1.631687244076069429e+34
1.667643544741210558e+34
1.704250582166048996e+34
1.741505557397448499e+34
1.779404109326181939e+34
1.817940182881488897e+34
1.857105891512994364e+34
1.896891374270999733e+34
1.937284647901679553e+34
1.978271454491927025e+34
2.019835105329858259e+34
2.061956321791583316e+34
2.104613074222622034e+34
2.147780419952956507e+34
2.191430341767450686e+34
2.235531588346938399e+34
2.280049518398014101e+34
2.324945950399191722e+34
2.370179020104526756e+34
2.415703048159511028e+34
2.461468420393447310e+34
2.507421483552425268e+34
2.553504459421364047e+34
2.599655380445459748e+34
2.645808050093224182e+34
2.691892031296684658e+34
2.737832666350720612e+34
2.783551131643410029e+34
2.828964530513814703e+34
2.873986027383578273e+34
2.918525026075830587e+34
2.962487394911704008e+34
3.005775740755424857e+34
3.048289733659567709e+34
3.089926483141162248e+34
3.130580966398587015e+34
3.170146507963521967e+34
3.208515309380659579e+34
3.245579026533191165e+34
3.281229391201804456e+34
3.315358872380180555e+34
3.347861371796482584e+34
3.378632947036721324e+34
3.407572554663810815e+34
3.434582804809148472e+34
3.459570717915357650e+34
3.482448473662969958e+34
3.503134141651037332e+34
3.521552383149389875e+34
3.537635113220348231e+34
3.551322112735516054e+34
3.562561580296411319e+34
3.571310614804890708e+34
3.577535620410375449e+34
3.581212626766324990e+34
3.582327518929981544e+34
3.580876172800868306e+34
3.576864493672439745e+34
3.570308357219731212e+34
3.561233454013573372e+34
3.549675040387410355e+34
3.535677600136271769e+34
3.519294423052201700e+34
3.500587107655792851e+34
3.479624996634859753e+34
3.456484554423031005e+34
3.431248697025909060e+34
3.404006084622714584e+34
3.374850387638040235e+34
3.343879536901164000e+34
3.311194968206489777e+34
3.276900871081262782e+34
3.241103450884253443e+34
3.203910212532972481e+34
3.165429273220772567e+34
3.125768710472427860e+34
3.085035950830720497e+34
3.043337203397649432e+34
3.000776941400249740e+34
2.957457433936912739e+34
2.913478329105797856e+34
2.868936288838581769e+34
2.823924674972315079e+34
2.778533285397253170e+34
2.732848138523622706e+34
2.686951303815927264e+34
2.640920775747725355e+34
2.594830388228465789e+34
2.548749766340528220e+34
2.502744312091829622e+34
2.456875220828422383e+34
2.411199524953642999e+34
2.365770161656406086e+34
2.320636061452056750e+34
2.275842254476434949e+34
2.231429991639053685e+34
2.187436877927519681e+34
2.143897015355590888e+34
2.100841153255947642e+34
2.058296843830676956e+34
2.016288601083503865e+34
1.974838061464319650e+34
1.933964144755930108e+34
1.893683213922809687e+34
1.854009232820581175e+34
1.814953920831748549e+34
1.776526903647180492e+34
1.738735859553847150e+34
1.701586660717050409e+34
1.665083509060403426e+34
1.629229066449270187e+34
1.594024578973985397e+34
1.559469995208562820e+34
1.525564078389485440e+34
1.492304512518395455e+34
1.459688002442785184e+34
1.427710368011017770e+34
1.396366632432906442e+34
1.365651105005427515e+34
1.335557458385672448e+34
1.306078800610519531e+34
1.277207742075371648e+34
1.248936457693226990e+34
1.221256744460932454e+34
1.194160074662077866e+34
1.167637644936214900e+34
1.141680421442200213e+34
1.116279181339899131e+34
1.091424550809515941e+34
1.067107039821745580e+34
1.043317073864979478e+34
1.020045022828198474e+34
9.972812272300763222e+33
9.750160219763987644e+33
9.532397578193058360e+33
9.319428206831445808e+33
9.111156490130659990e+33
8.907487492938896802e+33
8.708327098783424436e+33
8.513582132555265371e+33
8.323160468825069544e+33
8.136971126941781240e+33
7.954924353991712400e+33
7.776931696624534320e+33
7.602906062685014060e+33
7.432761773524819319e+33
7.266414607807548497e+33
7.103781837562285542e+33
6.944782257186312315e+33
6.789336206046084796e+33
6.637365585277219015e+33
6.488793869338783298e+33
6.343546112834545663e+33
6.201548953074026387e+33
6.062730608809070120e+33
5.927020875546719606e+33
5.794351117807110278e+33
5.664654258664659814e+33
5.537864766883222358e+33
5.413918641929543187e+33
5.292753397125477265e+33
5.174308041177035548e+33
5.058523058297612990e+33
4.945340387123695565e+33
4.834703398603615150e+33
4.726556873023664889e+33
4.620846976320799424e+33
4.517521235817290827e+33
4.416528515499927511e+33
4.317818990954627381e+33
4.221344124056443700e+33
4.127056637505133086e+33
4.034910489287215537e+33
3.944860847137214153e+33
3.856864063062982313e+33
3.770877647993132716e+33
3.686860246598046271e+33
3.604771612330175284e+33
3.524572582723918287e+33
3.446225054990507878e+33
3.369691961938880769e+33
3.294937248249427143e+33
3.221925847123865073e+33
3.150623657331095643e+33
3.080997520665901385e+33
3.013015199834541570e+33
2.946645356778868696e+33
2.881857531448298478e+33
2.818622121026943453e+33
2.756910359621426350e+33
2.696694298413211868e+33
2.637946786277855532e+33
2.580641450872246150e+33
2.524752680189737255e+33
2.470255604582059282e+33
2.417126079245935781e+33
2.365340667171577854e+33
2.314876622549444137e+33
2.265711874631113508e+33
2.217825012039507792e+33
2.171195267523301983e+33
2.125802503149899458e+33
2.081627195931087395e+33
2.038650423875151227e+33
1.996853852459025488e+33
1.956219721513894713e+33
1.916730832517487391e+33
1.878370536286240569e+33
1.841122721060414118e+33
1.804971800975221852e+33
1.769902704911036603e+33
1.735900865715734734e+33
1.702952209792288480e+33
1.671043147044784298e+33
1.640160561176105332e+33
1.610291800330627938e+33
1.581424668075369860e+33
1.553547414713174884e+33
1.526648728921615124e+33
1.500717729711462096e+33
1.475743958698717000e+33
1.451717372684337584e+33
1.428628336535980010e+33
1.406467616366228314e+33
1.385226373001969119e+33
1.364896155739728058e+33
1.345468896381999118e+33
1.326936903549744214e+33
1.309292857266452769e+33
1.292529803809335069e+33
1.276641150823401763e+33
1.261620662694389656e+33
1.247462456176677855e+33
1.234160996272534032e+33
1.221711092359215602e+33
1.210107894560668537e+33
1.199346890360732824e+33
1.189423901454974139e+33
1.180335080838457449e+33
1.172076910126959693e+33
1.164646197109329677e+33
1.158040073528883755e+33
1.152255993091920124e+33
1.147291729701644407e+33
1.143145375915967521e+33
1.139815341627848950e+33
1.137300352967043031e+33
1.135599451422298963e+33
1.134711993183257507e+33
1.134637648701482318e+33
1.135376402470248623e+33
1.136928553022910827e+33
1.139294713149864327e+33
1.142475810334291189e+33
1.146473087407099252e+33
1.151288103421631861e+33
1.156922734748931045e+33
1.163379176394520439e+33
1.170659943537878890e+33
1.178767873295958411e+33
1.187706126712295301e+33
1.197478190973459650e+33
1.208087881854785926e+33
1.219539346397512615e+33
1.231837065819657692e+33
1.244985858663160842e+33
1.258990884180002102e+33
1.273857645960215829e+33
1.289591995804911725e+33
1.306200137847604465e+33
1.323688632927358381e+33
1.342064403217445922e+33
1.361334737113402798e+33
1.381507294384584479e+33
1.402590111593492172e+33
1.424591607787347670e+33
1.447520590466579763e+33
1.471386261835086402e+33
1.496198225337291270e+33
1.521966492487254969e+33
1.548701489995212290e+33
1.576414067197143946e+33
1.605115503793128060e+33
1.634817517900387352e+33
1.665532274427137304e+33
1.697272393773441778e+33
1.730050960865482579e+33
1.763881534529745153e+33
1.798778157213761539e+33
1.834755365060175336e+33
1.871828198340971570e+33
1.910012212258805410e+33
1.949323488122429419e+33
1.989778644903285294e+33
2.031394851180296962e+33
2.074189837479961267e+33
2.118181909018770778e+33
2.163389958854948245e+33
2.209833481456388303e+33
2.257532586691565440e+33
2.306508014250003222e+33
2.356781148498676975e+33
2.408374033780457809e+33
2.461309390160379899e+33
2.515610629625130132e+33
2.571301872740710210e+33
2.628407965772685731e+33
2.686954498272826327e+33
2.746967821135263846e+33
2.808475065124457160e+33
2.871504159876377049e+33
2.936083853373296549e+33
3.002243731891390369e+33
3.070014240419094063e+33
3.139426703542647178e+33
3.210513346793710615e+33
3.283307318452070938e+33
3.357842711794446903e+33
3.434154587778186051e+33
3.512278998146175405e+33
3.592253008936521007e+33
3.674114724377547650e+33
3.757903311145324407e+33
3.843659022957271964e+33
3.931423225471312021e+33
4.021238421455626973e+33
4.113148276189195274e+33
4.207197643047935634e+33
4.303432589225406382e+33
4.401900421530616826e+33
4.502649712198503463e+33
4.605730324640935607e+33
4.711193439057754623e+33
4.819091577818269945e+33
4.929478630513653654e+33
5.042409878569854056e+33
5.157942019298899292e+33
5.276133189253681870e+33
5.397042986737309312e+33
5.520732493303173484e+33
5.647264294065367492e+33
5.776702496621499873e+33
5.909112748370631663e+33
6.044562251988409109e+33
6.183119778798983933e+33
6.324855679759095957e+33
6.469841893743599993e+33
6.618151952793615259e+33
6.769860983958100736e+33
6.925045707327251235e+33
7.083784429821045175e+33
7.246157034258905386e+33
7.412244963196252668e+33
7.582131196970892699e+33
7.755900225356310254e+33
7.933638012170252152e+33
8.115431952134955973e+33
8.301370819230314555e+33
8.491544705722868533e+33
8.686044950991745626e+33
8.884964059207610639e+33
9.088395604852234271e+33
9.296434124994560988e+33
9.509174997164216274e+33
9.726714301585419235e+33
9.949148666453469767e+33
1.017657509485271204e+34
1.040909077182938467e+34
1.064679285004581910e+34
1.088977821235449378e+34
1.113814320954217023e+34
1.139198337140707560e+34
1.165139308924646942e+34
1.191646526774970875e+34
1.218729094421437731e+34
1.246395887293231709e+34
1.274655507253015215e+34
1.303516233399821199e+34
1.332985968710485946e+34
1.363072182287354255e+34
1.393781846980115378e+34
1.425121372152221860e+34
1.457096531367860674e+34
1.489712384784422413e+34
1.522973196048330284e+34
1.556882343509569375e+34
1.591442225593007061e+34
1.626654160193172619e+34
1.662518277994424184e+34
1.699033409661100085e+34
1.736196966893095676e+34
1.774004817402205910e+34
1.812451153934269584e+34
1.851528357542484957e+34
1.891226855409001132e+34
1.931534973615619824e+34
1.972438785380836448e+34
2.013921955409879921e+34
2.055965581147081113e+34
2.098548031875844762e+34
2.141644786780346867e+34
2.185228273264115896e+34
2.229267707012848655e+34
2.273728935490323866e+34
2.318574286765125945e+34
2.363762425778986413e+34
2.409248220381450505e+34
2.454982619665933996e+34
2.500912547343788543e+34
2.546980813079974186e+34
2.593126044879427531e+34
2.639282645749777720e+34
2.685380777965450087e+34
2.731346378311756161e+34
2.777101207686045431e+34
2.822562938367334942e+34
2.867645282126869785e+34
2.912258162131371610e+34
2.956307931280690509e+34
2.999697639216187159e+34
3.042327349731018692e+34
3.084094509706987048e+34
3.124894369995743679e+34
3.164620457859465288e+34
3.203165099695990225e+34
3.240419991808126747e+34
3.276276815953206353e+34
3.310627895347645990e+34
3.343366885727348047e+34
3.374389495006425737e+34
3.403594224065486296e+34
3.430883120269518361e+34
3.456162534498452623e+34
3.479343871804089250e+34
3.500344325316614759e+34
3.519087582740471004e+34
3.535504494725423213e+34
3.549533694590790907e+34
3.561122159327759031e+34
3.570225702506262449e+34
3.576809390660559552e+34
3.580847875902788247e+34
3.582325638889603256e+34
3.581237137808462618e+34
3.577586860715008525e+34
3.571389280294815411e+34
3.562668711890775057e+34
3.551459077380583656e+34
3.537803579156718085e+34
3.521754290007055692e+34
3.503371666075680046e+34
3.482723991265524840e+34
3.459886762399933318e+34
3.434942025170747321e+34
3.407977671356857169e+34
3.379086707999407993e+34
3.348366509176285079e+34
3.315918060745314647e+34
3.281845207945491553e+34
3.246253915085888456e+34
3.209251545744163243e+34
3.170946170973807617e+34
3.131445912015394971e+34
3.090858322955191035e+34
3.049289817705567438e+34
3.006845144624401149e+34
2.963626911069548193e+34
2.919735159220682814e+34
2.875266993610903434e+34
2.830316260006965662e+34
2.784973274568325737e+34
2.739324601605976362e+34
2.693452877753504155e+34
2.647436679953471587e+34
2.601350434347770177e+34
2.555264362935243522e+34
2.509244464716146304e+34
2.463352527972422679e+34
2.417646170326615583e+34
2.372178903271107470e+34
2.327000217954492879e+34
2.282155689144382007e+34
2.237687094447796397e+34
2.193632546053880413e+34
2.150026632462423288e+34
2.106900567869392658e+34
2.064282347092508193e+34
2.022196904131218100e+34
1.980666272662809462e+34
1.939709746976899911e+34
1.899344042041877634e+34
1.859583451577417601e+34
1.820440003175774681e+34
1.781923609670361541e+34
1.744042216092964321e+34
1.706801941690569302e+34
1.670207216589549030e+34
1.634260912799159270e+34
1.598964469338560927e+34
1.564318011352484331e+34
1.530320463151009192e+34
1.496969655169453576e+34
1.464262424895865824e+34
1.432194711856941951e+34
1.400761646789082903e+34
1.369957635150507699e+34
1.339776435153692996e+34
1.310211230515436920e+34
1.281254698135318496e+34
1.252899070922796672e+34
1.225136195999173570e+34
1.197957588503682484e+34
1.171354481233486872e+34
1.145317870345761118e+34
1.119838557346688672e+34
1.094907187587418849e+34
1.070514285481096203e+34
1.046650286648222233e+34
1.023305567190094123e+34
1.000470470282005809e+34
9.781353302695340940e+33
9.562904944426289387e+33
9.349263426535372825e+33
9.140333049359098477e+33
8.936018772738289869e+33
8.736226356610357231e+33
8.540862485823741407e+33
8.349834880414426888e+33
8.163052392506989341e+33
7.980425090927969459e+33
7.801864334548017556e+33
7.627282835300979607e+33
7.456594711763176771e+33
7.289715534114479053e+33
7.126562361244492484e+33
6.967053770711950762e+33
6.811109882213619981e+33
6.658652375170054767e+33
6.509604500989761577e+33
6.363891090530285258e+33
6.221438557234570588e+33
6.082174896383327269e+33
5.946029680869086080e+33
5.812934053864931284e+33
5.682820718730520670e+33
5.555623926469663492e+33
5.431279461027532178e+33
5.309724622691193661e+33
5.190898209834579429e+33
5.074740499228084452e+33
4.961193225113704800e+33
4.850199557228733913e+33
4.741704077944463060e+33
4.635652758671290534e+33
4.531992935667384191e+33
4.430673285375330441e+33
4.331643799399161648e+33
4.234855759223276696e+33
4.140261710764721154e+33
4.047815438841068985e+33
3.957471941627644908e+33
3.869187405170127356e+33
3.782919178011426697e+33
3.698625745985249973e+33
3.616266707222809690e+33
3.535802747413735663e+33
3.457195615357256174e+33
3.380408098835231008e+33
3.305404000834506446e+33
3.232148116142300311e+33
3.160606208334971332e+33
3.090744987177394581e+33
3.022532086447434059e+33
2.955936042197408266e+33
2.890926271462220057e+33
2.827473051421752544e+33
2.765547499023241490e+33
2.705121551067736648e+33
2.646167944763210389e+33
2.588660198745586442e+33
2.532572594567741480e+33
2.477880158655495270e+33
2.424558644728664847e+33
2.372584516684420041e+33
2.321934931939474956e+33
2.272587725227000336e+33
2.224521392843603054e+33
2.177715077341230690e+33
2.132148552658478993e+33
2.087802209685413976e+33
2.044657042255747127e+33
2.002694633559982910e+33
1.961897142972942677e+33
1.922247293288950106e+33
1.883728358357856301e+33
1.846324151114989362e+33
1.810019011998121826e+33
1.774797797744466979e+33
1.740645870560814752e+33
1.707549087659879300e+33
1.675493791156030951e+33
1.644466798313645444e+33
1.614455392141401395e+33
1.585447312325955765e+33
1.557430746498545595e+33
1.530394321828196548e+33
1.504327096935368111e+33
1.479218554119988964e+33
1.455058591898014434e+33
1.431837517840788403e+33
1.409546041711668441e+33
1.388175268894533493e+33
1.367716694108990270e+33
1.348162195407244145e+33
1.329504028447828570e+33
1.311734821041527740e+33
1.294847567965044521e+33
1.278835626038150137e+33
1.263692709460238034e+33
1.249412885402398287e+33
1.235990569851330134e+33
1.223420523701593796e+33
1.211697849092899775e+33
1.200817985989337564e+33
1.190776708997624168e+33
1.181570124421659723e+33
1.173194667550867654e+33
1.165647100179995773e+33
1.158924508358233187e+33
1.153024300365711851e+33
1.147944204915647122e+33
1.143682269580557527e+33
1.140236859441203905e+33
1.137606655957080565e+33
1.135790656057487854e+33
1.134788171452392355e+33
1.134598828162489019e+33
1.135222566268066179e+33
1.136659639876462616e+33
1.138910617308096484e+33
1.141976381501256198e+33
1.145858130635999578e+33
1.150557378977739025e+33
1.156075957941251301e+33
1.162416017376067265e+33
1.169580027074366669e+33
1.177570778502719149e+33
1.186391386759185914e+33
1.196045292757500427e+33
1.206536265640246966e+33
1.217868405423128895e+33
1.230046145872639556e+33
1.243074257619623638e+33
1.256957851511425850e+33
1.271702382205504304e+33
1.287313652007600890e+33
1.303797814957744228e+33
1.321161381167558818e+33
1.339411221412546237e+33
1.358554571983214648e+33
1.378599039799104395e+33
1.399552607789976488e+33
1.421423640548602309e+33
1.444220890259792725e+33
1.467953502910499960e+33
1.492631024786004539e+33
1.518263409257389297e+33
1.544861023865674206e+33
1.572434657708184972e+33
1.600995529132866383e+33
1.630555293746465857e+33
1.661126052742623309e+33
1.692720361556090513e+33
1.725351238849457934e+33
1.759032175838851141e+33
1.793777145965263575e+33
1.829600614918221268e+33
1.866517551018654379e+33
1.904543435967883273e+33
1.943694275969707300e+33
1.983986613232650697e+33
2.025437537859423528e+33
2.068064700130669085e+33
2.111886323190061146e+33
2.156921216137718177e+33
2.203188787538868442e+33
2.250709059354522440e+33
2.299502681300800963e+33
2.349590945643296777e+33
2.400995802432636571e+33
2.453739875187073826e+33
2.507846477027560701e+33
2.563339627270328873e+33
2.620244068481458698e+33
2.678585283997354617e+33
2.738389515914329627e+33
2.799683783549723980e+33
2.862495902376126947e+33
2.926854503429185310e+33
2.992789053188435362e+33
3.060329873929237089e+33
3.129508164542535071e+33
3.200356021817489691e+33
3.272906462180306143e+33
3.347193443880574509e+33
3.423251889614232187e+33
3.501117709569820275e+33
3.580827824882028519e+33
3.662420191473488865e+33
3.745933824262559925e+33
3.831408821711135650e+33
3.918886390682601428e+33
4.008408871575619726e+33
4.100019763694639347e+33
4.193763750812740812e+33
4.289686726876639847e+33
4.387835821797335647e+33
4.488259427262994957e+33
4.591007222503042207e+33
4.696130199924229828e+33
4.803680690530400888e+33
4.913712389027863867e+33
5.026280378507606619e+33
5.141441154583923414e+33
5.259252648856404449e+33
5.379774251548469040e+33
5.503066833160726828e+33
5.629192764961266562e+33
5.758215938117455764e+33
5.890201781254811873e+33
6.025217276208074039e+33
6.163330971707279503e+33
6.304612994717828038e+33
6.449135059127603678e+33
6.596970471446385679e+33
6.748194133152888875e+33
6.902882539292445653e+33
7.061113772893833683e+33
7.222967494736628331e+33
7.388524927960746270e+33
7.557868836967265980e+33
7.731083500014403615e+33
7.908254674863944370e+33
8.089469556782165957e+33
8.274816728144460209e+33
8.464386098835039751e+33
8.658268836571722519e+33
8.856557286221401950e+33
9.059344877103520867e+33
9.266726017207928938e+33
9.478795973178702068e+33
9.695650734838290914e+33
9.917386862945525167e+33
1.014410131879846836e+34
1.037589127420765422e+34
1.061285390027859110e+34
1.085508613335441884e+34
1.110268441638152565e+34
1.135574441387327412e+34
1.161436069856110875e+34
1.187862640773962977e+34
1.214863286723367206e+34
1.242446918084386352e+34
1.270622178306339252e+34
1.299397395280631114e+34
1.328780528584854340e+34
1.358779112366060604e+34
1.389400193630906179e+34
1.420650265712578048e+34
1.452535196689506329e+34
1.485060152539300771e+34
1.518229514823687181e+34
1.552046792717013806e+34
1.586514529212856218e+34
1.621634201370956029e+34
1.657406114501010917e+34
1.693829290221401041e+34
1.730901348380558972e+34
1.768618382887281223e+34
1.806974831564538876e+34
1.845963340220112669e+34
1.885574621217463454e+34
1.925797306932252317e+34
1.966617798594490677e+34
2.008020111143870991e+34
2.049985714866615620e+34
2.092493374736279986e+34
2.135518988547968028e+34
2.179035425114837013e+34
2.223012363986403396e+34
2.267416138348554158e+34
2.312209582973077179e+34
2.357351889297242807e+34
2.402798469928007752e+34
2.448500835076542337e+34
2.494406483631948573e+34
2.540458811772450482e+34
2.586597042181315301e+34
2.632756177075905362e+34
2.678866978363417449e+34
2.724855978297471388e+34
2.770645524016498939e+34
2.816153859288910200e+34
2.861295246661902528e+34
2.905980133002142483e+34
2.950115361119581774e+34
2.993604429774012458e+34
3.036347803873166081e+34
3.078243276078928332e+34
3.119186380345412813e+34
3.159070857123085612e+34
3.197789169084707552e+34
3.235233065273327087e+34
3.271294190555984853e+34
3.305864736209382001e+34
3.338838126389985949e+34
3.370109734178645218e+34
3.399577619869890827e+34
3.427143283231524683e+34
3.452712420624925487e+34
3.476195677184254050e+34
3.497509383735205878e+34
3.516576267819674806e+34
3.533326128105152881e+34
3.547696461614332237e+34
3.559633033621022739e+34
3.569090380724415109e+34
3.576032238527444577e+34
3.580431886489417993e+34
3.582272403872506598e+34
3.581546832222043946e+34
3.578258241470891241e+34
3.572419698491926095e+34
3.564054138690229826e+34
3.553194142976290301e+34
3.539881624143105642e+34
3.524167428235745212e+34
3.506110857908928938e+34
3.485779125980298975e+34
3.463246748375862733e+34
3.438594886410045797e+34
3.411910648835281757e+34
3.383286364333907153e+34
3.352818835115556833e+34
3.320608582041281697e+34
3.286759091243165198e+34
3.251376071572183680e+34
3.214566731418191716e+34
3.176439082537423418e+34
3.137101277528415079e+34
3.096660986550196987e+34
3.055224817808334739e+34
3.012897785273843065e+34
2.969782826072451153e+34
2.925980369008708790e+34
2.881587954788144688e+34
2.836699907684443485e+34
2.791407057676052595e+34
2.745796511453244551e+34
2.699951470173941959e+34
2.653951091423387203e+34
2.607870392505216602e+34
2.561780191954004274e+34
2.515747086004487026e+34
2.469833456672351054e+34
2.424097508086680822e+34
2.378593327755873461e+34
2.333370969537870976e+34
2.288476555213336157e+34
2.243952391718522737e+34
2.199837101275578641e+34
2.156165761854918570e+34
2.112970055611211844e+34
2.070278423145928402e+34
2.028116221661102088e+34
1.986505885277080578e+34
1.945467085988638938e+34
1.905016893926599098e+34
1.865169935774251268e+34
1.825938550358182401e+34
1.787332940590784882e+34
1.749361321086384359e+34
1.712030060904421721e+34
1.675343820991686914e+34
1.639305686001568738e+34
1.603917290262178191e+34
1.569178937747687585e+34
1.535089715979022579e+34
1.501647603841893226e+34
1.468849573362907374e+34
1.436691685528920031e+34
1.405169180271680808e+34
1.374276560769935108e+34
1.344007672245291412e+34
1.314355775446885881e+34
1.285313615033972687e+34
1.256873483075563882e+34
1.229027277892687211e+34
1.201766558472262964e+34
1.175082594682432936e+34
1.148966413517876592e+34
1.123408841600499511e+34
1.098400544156293819e+34
1.073932060683383987e+34
1.049993837519540208e+34
1.026576257509983964e+34
1.003669666968357795e+34
9.812644001153628087e+33
9.593508011710157617e+33
9.379192442677870767e+33
9.169601513431892762e+33
8.964640081617683746e+33
8.764213786079592770e+33
8.568229173829799563e+33
8.376593812308720695e+33
8.189216388110128811e+33
8.006006793269166872e+33
7.826876200139580056e+33
7.651737125817778474e+33
7.480503487006005452e+33
7.313090646144732188e+33
7.149415449585559029e+33
6.989396258520458512e+33
6.832952973330729302e+33
6.680007051969708152e+33
6.530481522947189793e+33
6.384300993439905744e+33
6.241391653011974346e+33
6.101681273391204004e+33
5.965099204711739304e+33
5.831576368600533772e+33
5.701045248454401965e+33
5.573439877225836462e+33
5.448695823009223568e+33
5.326750172694506622e+33
5.207541513932463792e+33
5.091009915634719474e+33
4.977096907211968427e+33
4.865745456735888882e+33
4.756899948193527722e+33
4.650506157987492844e+33
4.546511230821162188e+33
4.444863655094992963e+33
4.345513237928004543e+33
4.248411079907440532e+33
4.153509549659415548e+33
4.060762258324063792e+33
3.970124034010102203e+33
3.881550896295850581e+33
3.795000030836637549e+33
3.710429764131822729e+33
3.627799538498756797e+33
3.547069887295437084e+33
3.468202410428614440e+33
3.391159750179544378e+33
3.315905567375415795e+33
3.242404517930666883e+33
3.170622229778992131e+33
3.100525280213716431e+33
3.032081173651344978e+33
2.965258319830596998e+33
2.900026012456855706e+33
2.836354408299912983e+33
2.774214506751010324e+33
2.713578129843460285e+33
2.654417902739661583e+33
2.596707234685899406e+33
2.540420300435208803e+33
2.485532022137405898e+33
2.432018051694503940e+33
2.379854753578895330e+33
2.329019188110867949e+33
2.279489095191477062e+33
2.231242878486168885e+33
2.184259590054091322e+33
2.138518915417585245e+33
2.094001159066069485e+33
2.050687230388163258e+33
2.008558630025670334e+33
1.967597436642909248e+33
1.927786294104651850e+33
1.889108399055869993e+33
1.851547488896390404e+33
1.815087830143538774e+33
1.779714207175821228e+33
1.745411911350687326e+33
1.712166730489508359e+33
1.679964938722884539e+33
1.648793286689535357e+33
1.618638992082060197e+33
1.589489730533011698e+33
1.561333626834793503e+33
1.534159246487054869e+33
1.507955587565383171e+33
1.482712072905229076e+33
1.458418542595179569e+33
1.435065246773836439e+33
1.412642838724721503e+33
1.391142368263824449e+33
1.370555275414563629e+33
1.350873384365120380e+33
1.332088897703294535e+33
1.314194390924201101e+33
1.297182807206336809e+33
1.281047452451711942e+33
1.265781990585954295e+33
1.251380439114473538e+33
1.237837164930970266e+33
1.225146880374765976e+33
1.213304639533630523e+33
1.202305834788970404e+33
1.192146193600440635e+33
1.182821775527235860e+33
1.174328969483510121e+33
1.166664491225573199e+33
1.159825381068696173e+33
1.153809001831564643e+33
1.148613037006603393e+33
1.144235489154586529e+33
1.140674678522153873e+33
1.137929241881030286e+33
1.135998131587950619e+33
1.134880614864473754e+33
1.134576273296072359e+33
1.135085002550061425e+33
1.136407012312150972e+33
1.138542826441552761e+33
1.141493283344807888e+33
1.145259536568669171e+33
1.149843055612572428e+33
1.155245626961418664e+33
1.161469355339586324e+33
1.168516665187279132e+33
1.176390302360518933e+33
1.185093336056272411e+33
1.194629160964404289e+33
1.205001499648342216e+33
1.216214405156524524e+33
1.228272263866914546e+33
1.241179798567037474e+33
1.254942071772212387e+33
1.269564489284831924e+33
1.285052803997751171e+33
1.301413119945025204e+33
1.318651896603460948e+33
1.336775953448601521e+33
1.355792474769007085e+33
1.375709014742841175e+33
1.396533502781007599e+33
1.418274249141244342e+33
1.440939950817799150e+33
1.464539697711471699e+33
1.489082979085029781e+33
1.514579690309160550e+33
1.541040139904312449e+33
1.568475056883971341e+33
1.596895598405069171e+33
1.626313357731405332e+33
1.656740372516115429e+33
1.688189133409388132e+33
1.720672592997762542e+33
1.754204175081488948e+33
1.788797784296560369e+33
1.824467816088141883e+33
1.861229167042214117e+33
1.899097245582352160e+33
1.938087983038615367e+33
1.978217845095602499e+33
2.019503843626707316e+33
2.061963548921685271e+33
2.105615102314537612e+33
2.150477229218770782e+33
2.196569252576907435e+33
2.243911106731061970e+33
2.292523351721252822e+33
2.342427188017847343e+33
2.393644471694366215e+33
2.446197730046503062e+33
2.500110177662888687e+33
2.555405732952672789e+33
2.612109035134497942e+33
2.670245461690873982e+33
2.729841146291233997e+33
2.790922997186263140e+33
2.853518716075128731e+33
2.917656817446328800e+33
2.983366648391693836e+33
3.050678408891870612e+33
3.119623172570160759e+33
3.190232907910048812e+33
3.262540499930000252e+33
3.336579772307098806e+33
3.412385509939007786e+33
3.489993481931270693e+33
3.569440464994324372e+33
3.650764267231660403e+33
3.734003752297326030e+33
3.819198863897359465e+33
3.906390650605863219e+33
3.995621290962025389e+33
4.086934118809726005e+33
4.180373648836077094e+33
4.275985602259597558e+33
4.373816932612438182e+33
4.473915851554247432e+33
4.576331854647771212e+33
4.681115747018173561e+33
4.788319668809118628e+33
4.897997120338947200e+33
5.010202986849782602e+33
5.124993562730811566e+33
5.242426575084558955e+33
5.362561206491349389e+33
5.485458116812411036e+33
5.611179463856136547e+33
5.739788922714551643e+33
5.871351703558456775e+33
6.005934567659256762e+33
6.143605841383591254e+33
6.284435427883231297e+33
6.428494816177083588e+33
6.575857087294612270e+33
6.726596917120343005e+33
6.880790575547215069e+33
7.038515921512314644e+33
7.199852393451759280e+33
7.364880994672150842e+33
7.533684273093966031e+33
7.706346294777243542e+33
7.882952610591980353e+33
8.063590215344700902e+33
8.248347498618337223e+33
8.437314186525215291e+33
8.630581273512048935e+33
8.828240943291752950e+33
9.030386477909393843e+33
9.237112153878802681e+33
9.448513124252216249e+33
9.664685285408403693e+33
9.885725127264437096e+33
1.011172956553388938e+34
1.034279575456919192e+34
1.057902087923936889e+34
1.082050192420655457e+34
1.106733541887646862e+34
1.131961715621044769e+34
1.157744188350012652e+34
1.184090296312295998e+34
1.211009200121733997e+34
1.238509844214342922e+34
1.266600912653081865e+34
1.295290781066014672e+34
1.324587464488420074e+34
1.354498560876976543e+34
1.385031190063591494e+34
1.416191927918324203e+34
1.447986735495485172e+34
1.480420882944938979e+34
1.513498867982374867e+34
1.547224328728463595e+34
1.581599950747959497e+34
1.616627368146712442e+34
1.652307058617815236e+34
1.688638232368622437e+34
1.725618714908814961e+34
1.763244823736948592e+34
1.801511239029762620e+34
1.840410868515767337e+34
1.879934706803079172e+34
1.920071689531727788e+34
1.960808542833436150e+34
2.002129628707580368e+34
2.044016787060956272e+34
2.086449175311167587e+34
2.129403106618741721e+34
2.172851887990717633e+34
2.216765659687664270e+34
2.261111237565139252e+34
2.305851960187665672e+34
2.350947542765471921e+34
2.396353940178398330e+34
2.442023221563131030e+34
2.487903459144626063e+34
2.533938634184258540e+34
2.580068563089587015e+34
2.626228846876158306e+34
2.672350847282529991e+34
2.718361692907153985e+34
2.764184318750726739e+34
2.809737542501051607e+34
2.854936180780108071e+34
2.899691208376266803e+34
2.943909963200515208e+34
2.987496399327662712e+34
3.030351390006854703e+34
3.072373081947900069e+34
3.113457301511158267e+34
3.153498012652455037e+34
3.192387825608032037e+34
3.230018554359057002e+34
3.266281819906095608e+34
3.301069695330986227e+34
3.334275387550415750e+34
3.365793949599731215e+34
3.395523016257584586e+34
3.423363554864782004e+34
3.449220622337961516e+34
3.473004118664293822e+34
3.494629526619324896e+34
3.514018627105489118e+34
3.531100179388006895e+34
3.545810555626188372e+34
3.558094319472619016e+34
3.567904739142739357e+34
3.575204226236868760e+34
3.579964692709801423e+34
3.582167819705508430e+34
3.581805233472922500e+34
3.578878585213473063e+34
3.573399533435997103e+34
3.565389629160442713e+34
3.554880106067289769e+34
3.541911579383621843e+34
3.526533658881736009e+34
3.508804482797891744e+34
3.488790180720437994e+34
3.466564274518343867e+34
3.442207027162267321e+34
3.415804749819032966e+34
3.387449077873868577e+34
3.357236226559481497e+34
3.325266236660812092e+34
3.291642220340018012e+34
3.256469616514421225e+34
3.219855464450904914e+34
3.181907703346667158e+34
3.142734504681829270e+34
3.102443643087839945e+34
3.061141910408473180e+34
3.018934576567056423e+34
2.975924899819812172e+34
2.932213687993442106e+34
2.887898911392771378e+34
2.843075367235271323e+34
2.797834394733185423e+34
2.752263639306335756e+34
2.706446863871722669e+34
2.660463804718967604e+34
2.614390069139853678e+34
2.568297071730429428e+34
2.522252006118052185e+34
2.476317848775426733e+34
2.430553391560208525e+34
2.385013299652965893e+34
2.339748191649235949e+34
2.294804738684183455e+34
2.250225779622708509e+34
2.206050449525998298e+34
2.162314318800622464e+34
2.119049540642007727e+34
2.076285004595263275e+34
2.034046494268206841e+34
1.992356847440239602e+34
1.951236117013438997e+34
1.910701731446358500e+34
1.870768653494753397e+34
1.831449536255499799e+34
1.792754875669484970e+34
1.754693158785724321e+34
1.717271007222343317e+34
1.680493315380430075e+34
1.644363383074475188e+34
1.608883042338691837e+34
1.574052778252555370e+34
1.539871843702161844e+34
1.506338368057226179e+34
1.473449459797513903e+34
1.441201303168067143e+34
1.409589248980476742e+34
1.378607899708502200e+34
1.348251189051262175e+34
1.318512456156678273e+34
1.289384514712575074e+34
1.260859717123368774e+34
1.232930013997193654e+34
1.205587009172158264e+34
1.178822010511578911e+34
1.152626076697024159e+34
1.126990060245109506e+34
1.101904646969555147e+34
1.077360392104412795e+34
1.053347753297736656e+34
1.029857120677616274e+34
1.006878844184593283e+34
9.844032583561694831e+33
9.624207047405723427e+33
9.409215521082715230e+33
9.198962146210472257e+33
8.993351681097695571e+33
8.792289646035427691e+33
8.595682452445493308e+33
8.403437517148200589e+33
8.215463362933524090e+33
8.031669706544208754e+33
7.851967535107225321e+33
7.676269171980661537e+33
7.504488332917338630e+33
7.336540173383919596e+33
7.172341327814869230e+33
7.011809941524763366e+33
6.854865695949539483e+33
6.701429827837564602e+33
6.551425142964744535e+33
6.404776024904071435e+33
6.261408439339083605e+33
6.121249934372276617e+33
5.984229637243908304e+33
5.850278247843119033e+33
5.719328029362384576e+33
5.591312796417397876e+33
5.466167900927617536e+33
5.343830216027935365e+33
5.224238118258751957e+33
5.107331468260415619e+33
4.993051590178262725e+33
4.881341249966151082e+33
4.772144632759531468e+33
4.665407319473563377e+33
4.561076262767347602e+33
4.459099762502194603e+33
4.359427440809626646e+33
4.262010216873613348e+33
4.166800281521280459e+33
4.073751071706809670e+33
3.982817244964671306e+33
3.893954653900296397e+33
3.807120320779024370e+33
3.722272412267573021e+33
3.639370214376059767e+33
3.558374107643145215e+33
3.479245542601699254e+33
3.401947015557858304e+33
3.326442044711977978e+33
3.252695146646317393e+33
3.180671813200635455e+33
3.110338488753843202e+33
3.041662547926910624e+33
2.974612273719640318e+33
2.909156836091597806e+33
2.845266270995343924e+33
2.782911459868210029e+33
2.722064109587159686e+33
2.662696732889706782e+33
2.604782629262524881e+33
2.548295866298136375e+33
2.493211261518951631e+33
2.439504364667017220e+33
2.387151440456918090e+33
2.336129451788572918e+33
2.286416043415958032e+33
2.237989526067285135e+33
2.190828861011585910e+33
2.144913645066306683e+33
2.100224096040114810e+33
2.056741038604827644e+33
2.014445890590133371e+33
1.973320649694575898e+33
1.933347880606114225e+33
1.894510702525449773e+33
1.856792777085255990e+33
1.820178296658367367e+33
1.784651973047980913e+33
1.750199026552938170e+33
1.716805175401182327e+33
1.684456625544513841e+33
1.653140060807879516e+33
1.622842633386474927e+33
1.593551954684080496e+33
1.565256086486134195e+33
1.537943532461181945e+33
1.511603229984500983e+33
1.486224542277801840e+33
1.461797250859097917e+33
1.438311548296987262e+33
1.415758031263735859e+33
1.394127693881758116e+33
1.373411921358234050e+33
1.353602483902809634e+33
1.334691530923486145e+33
1.316671585496002961e+33
1.299535539102211646e+33
1.283276646633114259e+33
1.267888521652440022e+33
1.253365131916822390e+33
1.239700795148832276e+33
1.226890175059330694e+33
1.214928277615760886e+33
1.203810447553243847e+33
1.193532365125498673e+33
1.184090043092816534e+33
1.175479823944514539e+33
1.167698377353485944e+33
1.160742697860654591e+33
1.154610102787344340e+33
1.149298230373752846e+33
1.144805038141934015e+33
1.141128801481862140e+33
1.138268112459359629e+33
1.136221878844858203e+33
1.134989323362158414e+33
1.134569983156532047e+33
1.134963709481725263e+33
1.136170667605586205e+33
1.138191336934262464e+33
1.141026511355077621e+33
1.144677299798401496e+33
1.149145127019026267e+33
1.154431734597734888e+33
1.160539182163961662e+33
1.167469848840619926e+33
1.175226434912377018e+33
1.183811963718839728e+33
1.193229783774317795e+33
1.203483571116018050e+33
1.214577331882718221e+33
1.226515405126173813e+33
1.239302465857680896e+33
1.252943528332456919e+33
1.267443949574641865e+33
1.282809433145969069e+33
1.299046033161317321e+33
1.316160158554568716e+33
1.334158577598378575e+33
1.353048422681687755e+33
1.372837195348952021e+33
1.393532771605319287e+33
1.415143407492120253e+33
1.437677744937288163e+33
1.461144817885440431e+33
1.485554058712629548e+33
1.510915304930874479e+33
1.537238806187825831e+33
1.564535231567065112e+33
1.592815677194721393e+33
1.622091674158255883e+33
1.652375196743439576e+33
1.683678670995679429e+33
1.716014983612033837e+33
1.749397491170359368e+33
1.783840029702186629e+33
1.819356924616040749e+33
1.855963000977995166e+33
1.893673594156394407e+33
1.932504560837686153e+33
1.972472290420411860e+33
2.013593716794422738e+33
2.055886330512378434e+33
2.099368191360594089e+33
2.144057941336257349e+33
2.189974818037925648e+33
2.237138668476155877e+33
2.285569963310909853e+33
2.335289811522223071e+33
2.386319975520358205e+33
2.438682886701370808e+33
2.492401661453665620e+33
2.547500117620669088e+33
2.604002791424300982e+33
2.661934954853295019e+33
2.721322633519804501e+33
2.782192624986940645e+33
2.844572517569065804e+33
2.908490709605645154e+33
2.973976429208404369e+33
3.041059754480282950e+33
3.109771634203272084e+33
3.180143908990719036e+33
3.252209332897901120e+33
3.326001595482776323e+33
3.401555344306678393e+33
3.478906207862343441e+33
3.558090818914027578e+33
3.639146838231599737e+33
3.722112978697243165e+33
3.807029029759959313e+33
3.893935882209054561e+33
3.982875553233651780e+33
4.073891211730507171e+33
4.167027203817269069e+33
4.262329078502717972e+33
4.359843613459313928e+33
4.459618840836636904e+33
4.561704073046962772e+33
4.666149928446073312e+33
4.773008356823726949e+33
4.882332664608511057e+33
4.994177539681440553e+33
5.108599075681290461e+33
5.225654795672249332e+33
5.345403675031101869e+33
5.467906163396618858e+33
5.593224205507851858e+33
5.721421260741107526e+33
5.852562321136684684e+33
5.986713927686373970e+33
6.123944184631116423e+33
6.264322771494660885e+33
6.407920952553808816e+33
6.554811583418650366e+33
6.705069114366690011e+33
6.858769590043331376e+33
7.015990645107239679e+33
7.176811495362678260e+33
7.341312923882018403e+33
7.509577261579858228e+33
7.681688361655659448e+33
7.857731567274347319e+33
8.037793671803620527e+33
8.221962870873111542e+33
8.410328705463384159e+33
8.602981995172597842e+33
8.800014760744831190e+33
9.001520134877194345e+33
9.207592260252392421e+33
9.418326173669889477e+33
9.633817675072095597e+33
9.854163180182291299e+33
1.007945955538888894e+34
1.030980393342589336e+34
1.054529350831309093e+34
1.078602530793184197e+34
1.103209594252415268e+34
1.128360132731489909e+34
1.154063637737041894e+34
1.180329467272317049e+34
1.207166809171208856e+34
1.234584641041461299e+34
1.262591686598014063e+34
1.291196368161881840e+34
1.320406755095637196e+34
1.350230507943834484e+34
1.380674818045902701e+34
1.411746342390527780e+34
1.443451133484762401e+34
1.475794564018545838e+34
1.508781246116500138e+34
1.542414944984317422e+34
1.576698486777510250e+34
1.611633660546287821e+34
1.647221114142671488e+34
1.683460244015381005e+34
1.720349078865318759e+34
1.757884157190408624e+34
1.796060398813996715e+34
1.834870970566769219e+34
1.874307146378920296e+34
1.914358162137876970e+34
1.955011065777859103e+34
1.996250563191392039e+34
2.038058860689956159e+34
2.080415504891258462e+34
2.123297221074067157e+34
2.166677751217532467e+34
2.210527693129519024e+34
2.254814342266297027e+34
2.299501538051967495e+34
2.344549516717701073e+34
2.389914772894891674e+34
2.435549932408797746e+34
2.481403638925179658e+34
2.527420457296407410e+34
2.573540796629001341e+34
2.619700856244334861e+34
2.665832597820486983e+34
2.711863747077272159e+34
2.757717828389493179e+34
2.803314235676123059e+34
2.848568342806332193e+34
2.893391656578275626e+34
2.937692015055225790e+34
2.981373833679386214e+34
3.024338401121228612e+34
3.066484226258771331e+34
3.107707437016556502e+34
3.147902231031292851e+34
3.186961377256819515e+34
3.224776766685889448e+34
3.261240009365078559e+34
3.296243073830992447e+34
3.329678964024086182e+34
3.361442427667778917e+34
3.391430689065362214e+34
3.419544198297876246e+34
3.445687387936565114e+34
3.469769427647531090e+34
3.491704966496159866e+34
3.511414852384525586e+34
3.528826817901189312e+34
3.543876121949087397e+34
3.556506136855451716e+34
3.566668871261792628e+34
3.574325419936922207e+34
3.579446332737390452e+34
3.582011896234263716e+34
3.582012323001055687e+34
3.579447845175668215e+34
3.574328710624333690e+34
3.566675081798727879e+34
3.556516839137371056e+34
3.543893292568298870e+34
3.528852806273030890e+34
3.511452343327700249e+34
3.491756938107758674e+34
3.469839105396951491e+34
3.445778195957411721e+34
3.419659708882465279e+34
3.391574571363150255e+34
3.361618396558747037e+34
3.329890730083381797e+34
3.296494295225346037e+34
3.261534246428642703e+34
3.225117439817457941e+34
3.187351728666048183e+34
3.148345290743048245e+34
3.108205993423717480e+34
3.067040801398261810e+34
3.024955230738959286e+34
2.982052852049563241e+34
2.938434844430066180e+34
2.894199601066898398e+34
2.849442386417174681e+34
2.804255044205935922e+34
2.758725754803541303e+34
2.712938839999157153e+34
2.666974612735275908e+34
2.620909269014029358e+34
2.574814818923830738e+34
2.528759053557430308e+34
2.482805544491943150e+34
2.437013672469014438e+34
2.391438681939933354e+34
2.346131758217039090e+34
2.301140124090530568e+34
2.256507152920003348e+34
2.212272495385386384e+34
2.168472217274978973e+34
2.125138945892896273e+34
2.082302022878869620e+34
2.039987661445417622e+34
1.998219106246781494e+34
1.957016794297832691e+34
1.916398515556533144e+34
1.876379571968909409e+34
1.836972933949188764e+34
1.798189393429127051e+34
1.760037712758833725e+34
1.722524768876684732e+34
1.685655692288074652e+34
1.649434000502237953e+34
1.613861725673637302e+34
1.578939536280034637e+34
1.544666852744120765e+34
1.511041956970152085e+34
1.478062095822295631e+34
1.445723578618065656e+34
1.414021868749191284e+34
1.382951669574216028e+34
1.352507004752862506e+34
1.322681293212397630e+34
1.293467418951597832e+34
1.264857795898981036e+34
1.236844428049371724e+34
1.209418965107125777e+34
1.182572753865838672e+34
1.156296885553638455e+34
1.130582239370506730e+34
1.105419522439849826e+34
1.080799306391086666e+34
1.056712060783510272e+34
1.033148183574423310e+34
1.010098028826713306e+34
9.875519318427695036e+33
9.655002319031201926e+33
9.439332927795243348e+33
9.228415211835358688e+33
9.022153833029221057e+33
8.820454195697783917e+33
8.623222577958432833e+33
8.430366248023696365e+33
8.241793566640531900e+33
8.057414076789296212e+33
7.877138581688721973e+33
7.700879212083617276e+33
7.528549483725737587e+33
7.360064345895113301e+33
7.195340221749557303e+33
7.034295041233417735e+33
6.876848267223552633e+33
6.722920915540178042e+33
6.572435569403311561e+33
6.425316388871134270e+33
6.281489115755470403e+33
6.140881074470629275e+33
6.003421169235962297e+33
5.869039878018672809e+33
5.737669243572094957e+33
5.609242861895524748e+33
5.483695868414529279e+33
5.360964922155541494e+33
5.240988188165231093e+33
5.123705318403533621e+33
5.009057431319232689e+33
4.896987090298532029e+33
4.787438281159926842e+33
4.680356388853057214e+33
4.575688173504523152e+33
4.473381745940422565e+33
4.373386542802961722e+33
4.275653301367155086e+33
4.180134034153261470e+33
4.086782003420996159e+33
3.995551695622776280e+33
3.906398795885235220e+33
3.819280162580851707e+33
3.734153802044782425e+33
3.650978843485806845e+33
3.569715514134716232e+33
3.490325114668198438e+33
3.412769994941743702e+33
3.337013530060661403e+33
3.263020096814514383e+33
3.190755050496697077e+33
3.120184702127667608e+33
3.051276296097442082e+33
2.983997988240337611e+33
2.918318824352543836e+33
2.854208719160958304e+33
2.791638435749793362e+33
2.730579565449730545e+33
2.671004508192795308e+33
2.612886453334764479e+33
2.556199360945671661e+33
2.500917943567831530e+33
2.447017648439853390e+33
2.394474640184219092e+33
2.343265783955259992e+33
2.293368629043659395e+33
2.244761392933066837e+33
2.197422945803876711e+33
2.151332795478780768e+33
2.106471072804394436e+33
2.062818517462860320e+33
2.020356464207178307e+33
1.979066829513706489e+33
1.938932098645210800e+33
1.899935313117642976e+33
1.862060058563790131e+33
1.825290452986878693e+33
1.789611135397166483e+33
1.755007254824598176e+33
1.721464459700601159e+33
1.688968887602158729e+33
1.657507155351366160e+33
1.627066349463744962e+33
1.597634016938706763e+33
1.569198156385675307e+33
1.541747209479478502e+33
1.515270052738767176e+33
1.489755989621385783e+33
1.465194742930722362e+33
1.441576447527281487e+33
1.418891643339835230e+33
1.397131268670736853e+33
1.376286653790093221e+33
1.356349514813729705e+33
1.337311947860020285e+33
1.319166423480870275e+33
1.301905781362313781e+33
1.285523225290371881e+33
1.270012318378023020e+33
1.255366978549320161e+33
1.241581474276886786e+33
1.228650420569207177e+33
1.216568775204333641e+33
1.205331835206830479e+33
1.194935233564941690e+33
1.185374936185200412e+33
1.176647239081870025e+33
1.168748765798803129e+33
1.161676465061506381e+33
1.155427608657388530e+33
1.149999789542358500e+33
1.145390920172142867e+33
1.141599231056879410e+33
1.138623269537731633e+33
1.136461898784474543e+33
1.135114297013177159e+33
1.134579956923319723e+33
1.134858685353853291e+33
1.135950603157919675e+33
1.137856145296128275e+33
1.140576061148492535e+33
1.144111415045298706e+33
1.148463587017399053e+33
1.153634273766589431e+33
1.159625489856937340e+33
1.166439569128116113e+33
1.174079166331989247e+33
1.182547258993893651e+33
1.191847149500247438e+33
1.201982467414313684e+33
1.212957172022149714e+33
1.224775555110948763e+33
1.237442243982194849e+33
1.250962204702233302e+33
1.265340745593067611e+33
1.280583520966370696e+33
1.296696535103921462e+33
1.313686146487840405e+33
1.331559072284228846e+33
1.350322393083981011e+33
1.369983557904751558e+33
1.390550389458256172e+33
1.412031089687261259e+33
1.434434245576822238e+33
1.457768835244527696e+33
1.482044234314674953e+33
1.507270222581491989e+33
1.533456990966741447e+33
1.560615148777151097e+33
1.588755731267356678e+33
1.617890207514177940e+33
1.648030488608218740e+33
1.679188936168938876e+33
1.711378371189511611e+33
1.744612083217887819e+33
1.778903839880661734e+33
1.814267896756403350e+33
1.850719007605282763e+33
1.888272434961852977e+33
1.926943961097978148e+33
1.966749899362910417e+33
2.007707105907586485e+33
2.049832991800226022e+33
2.093145535540260439e+33
2.137663295977657665e+33
2.183405425644550691e+33
2.230391684506035511e+33
2.278642454136818195e+33
2.328178752330224549e+33
2.379022248145829231e+33
2.431195277401669569e+33
2.484720858616704335e+33
2.539622709408675363e+33
2.595925263352149417e+33
2.653653687300864048e+33
2.712833899177928979e+33
2.773492586236620085e+33
2.835657223793747246e+33
2.899356094436505736e+33
2.964618307702763868e+33
3.031473820233421275e+33
3.099953456394175718e+33
3.170088929362457981e+33
3.241912862673640545e+33
3.315458812218685350e+33
3.390761288683337451e+33
3.467855780416546142e+33
3.546778776713362531e+33
3.627567791494502054e+33
3.710261387361795144e+33
3.794899200005125623e+33
3.881521962932720334e+33
3.970171532492386593e+33
4.060890913146671372e+33
4.153724282959891721e+33
4.248717019249320456e+33
4.345915724346845937e+33
4.445368251410620217e+33
4.547123730219042134e+33
4.651232592871385456e+33
4.757746599310736467e+33
4.866718862575391440e+33
4.978203873674647274e+33
5.092257525973553060e+33
5.208937138959114650e+33
5.328301481247066949e+33
5.450410792674025507e+33
5.575326805304067971e+33
5.703112763162012892e+33
5.833833440487152056e+33
5.967555158281453351e+33
6.104345798904709995e+33
6.244274818445982036e+33
6.387413256575582697e+33
6.533833743554956415e+33
6.683610504052684157e+33
6.836819357383683499e+33
6.993537713755011441e+33
7.153844566065727493e+33
7.317820476769666729e+33
7.485547559268613713e+33
7.657109453259305875e+33
7.832591293410533490e+33
8.012079670696545878e+33
8.195662585659567813e+33
8.383429392817825731e+33
8.575470735375469193e+33
8.771878469327781985e+33
8.972745575988315063e+33
9.178166061894884011e+33
9.388234844978125173e+33
9.603047625800031876e+33
9.822700742590734946e+33
1.004729100872974516e+34
1.027691553123374202e+34
1.051167150872669472e+34
1.075165600728062444e+34
1.099696571242722468e+34
1.124769665555242579e+34
1.150394391279947945e+34
1.176580127452162705e+34
1.203336088324512685e+34
1.230671283802858066e+34
1.258594476303714047e+34
1.287114133809259590e+34
1.316238378891542362e+34
1.345974933474481825e+34
1.376331059101194245e+34
1.407313492475273845e+34
1.438928376048513296e+34
1.471181183434465590e+34
1.504076639437874713e+34
1.537618634504848451e+34
1.571810133418291529e+34
1.606653078088351272e+34
1.642148284318982831e+34
1.678295332470140472e+34
1.715092451981215465e+34
1.752536399776021485e+34
1.790622332633668777e+34
1.829343673683904532e+34
1.868691973270694353e+34
1.908656764524658624e+34
1.949225414094181199e+34
1.990382968607002102e+34
2.032111997569264337e+34
2.074392433557469645e+34
2.117201410720357169e+34
2.160513102782029207e+34
2.204298561923650873e+34
2.248525560117530248e+34
2.293158434692431526e+34
2.338157940119993555e+34
2.383481108226128285e+34
2.429081119244154075e+34
2.474907186333658338e+34
2.520904456385098174e+34
2.567013930108651687e+34
2.613172404559727455e+34
2.659312441375022461e+34
2.705362364073593257e+34
2.751246287808156806e+34
2.796884184923627258e+34
